-8.626899053046965804e-02
1.771360576156716604e+00
2.139790126156714933e+00
3.559542828855741803e-01
3.355719141723035648e+00
3.501144691169427503e+00
3.487992828855741578e-01
2.824392024505438137e+00
2.721440362383525269e+00
-1.515274477475907489e+00
-3.495405717114425936e+00
2.649784263164185916e+00
1.665271629847460133e+00
2.322986526723035183e+00
-2.989963201525398517e-01
1.871260685186765471e+00
2.724114512383525977e+00
-3.438627540570533991e+00
2.418422828855737450e-01
5.647915073708364986e-01
4.205328288557463878e-02
1.688228179847460098e+00
-2.234949540570534410e+00
2.144434218283282512e+00
2.301081655883175259e+00
-3.995630040570533836e+00
-2.189361157650644429e+00
5.282523600088619986e-01
-1.345485217114426035e+00
-4.567362415038829226e-01
-3.319290040570534117e+00
-1.235886321903770124e+00
-2.420374193058565382e+00
-2.325406821903770016e+00
4.075721071789827121e+00
2.300217443350717872e+00
4.693800073708365161e-01
-8.713821903770124777e-03
-2.226205490530469788e+00
2.475720590197540538e+00
-1.265219821903770026e+00
2.084212376241312725e+00
-1.621884821903771368e+00
2.084212376241312725e+00
2.138728068283280770e+00
1.054525143350719674e+00
-2.203980405705339152e-01
3.447690073708367109e-01
4.518736245817273733e+00
-8.557571711442601980e-02
5.589973600088624650e-01
1.079378509469529845e+00
2.052776526241313348e+00
-9.741823201525399156e-01
-1.363663219037700713e-01
6.773228932043826589e-01
1.640164163164185673e+00
2.886338749089382816e+00
1.975885208496117151e+00
-3.478460540570534221e+00
-2.503294926291639300e-01
-8.540180973890398874e-01
-2.098746804590551740e+00
2.208715605883176281e+00
-1.244362639991138053e+00
1.512935485186764240e+00
-9.642141576506437772e-01
1.205941996387457138e+00
-6.930321903769964820e-03
-1.323493990530469233e+00
1.415015858496117218e+00
1.505794987677045782e+00
4.992740884807707502e+00
1.885019358496117015e+00
1.208446996387456451e+00
2.303520343350719202e+00
3.798268752667476100e+00
-2.452284821903770506e+00
1.345098237677045283e+00
-1.782025821903770790e+00
-1.528441193058564629e+00
1.749225883390952418e-01
3.798296252667475947e+00
-1.441692657650643916e+00
-1.142293219037711083e-01
4.143715136808210353e+00
3.195761433507193772e-01
2.824063164505438372e+00
5.282523600088619986e-01
-2.425913219037703072e-01
1.981364335071944538e-02
-4.342142623229552356e-01
-4.947144926291624500e-01
1.773999435186764728e+00
-1.498804157650644342e+00
-1.515274477475907489e+00
-1.142293219037711083e-01
1.202352806941434871e+00
5.133607376770452646e-01
-2.601421262322955563e+00
1.601251687677045510e+00
-1.970401606795618044e+00
2.984827672261515019e+00
-3.034911241503882806e+00
4.249738471682126928e+00
-8.601060679561811639e-02
1.304807863164185733e+00
1.510553279847460573e+00
-1.658129268721332039e+00
5.716722376770455583e-01
-2.808421067956174966e-01
1.006815393204381515e+00
1.558693262413122227e-01
9.893524963874567035e-01
-2.088791495747983618e-01
-1.422182623229550913e-01
1.531140137677045487e+00
-5.156353219037708158e-01
-1.430385768721333051e+00
-7.112905036125436453e-01
-2.104968693058565599e+00
-7.942982171144254977e-01
1.355180737677045499e+00
-4.027000040570534622e+00
5.601205073708364068e-01
2.208715605883176281e+00
1.764806185186765575e+00
-1.041334926291632712e-01
-2.104968693058565599e+00
1.141289496387456914e+00
1.701786735186766819e+00
1.843411176241311011e+00
-1.441335973890387478e-01
3.041295910270921610e+00
1.675192535186765141e+00
7.951665094695297142e-01
1.769901135186765728e+00
3.672518213667853360e+00
2.140598076156717156e+00
1.079378509469529845e+00
3.380615841723034976e+00
9.169383069414349663e-01
2.423288405883175400e+00
2.459987828855743075e-01
1.797782422261516189e+00
2.418422828855737450e-01
3.672518213667853360e+00
1.689097679847460398e+00
4.623237634973040855e+00
1.132021496387456416e+00
3.805321252667476450e+00
-1.005651977475908510e+00
9.697099963874569184e-01
4.135063136808210693e+00
2.208715605883176281e+00
3.485386798474596759e-01
-1.001467171144252433e-01
1.558693262413122227e-01
1.688228179847460098e+00
1.003884893204381790e+00
2.103514220197539863e+00
2.559002828855740930e-01
1.312526237677045238e+00
-2.501047657650643963e+00
-1.295605321903770424e+00
-1.781080693058565423e+00
-2.179230405705334661e-01
-3.133193040570533938e+00
3.798271252667475117e+00
-1.506865036125430990e-01
-3.516650540570533501e+00
1.481600287677045102e+00
1.651326579847459897e+00
-1.019717503612543652e+00
3.470213035518499467e+00
2.137725676156716048e+00
3.966586002340806161e+00
4.623238134973041369e+00
5.589973600088624650e-01
2.241332643350720133e+00
1.197710306941433878e+00
1.818589735186765921e+00
2.474021045197539515e+00
2.301596743350717844e+00
-1.202292003612543070e+00
-1.545501149574798561e+00
2.144434218283282512e+00
9.317639558831762869e-01
1.227390306941434694e+00
2.451890180197540126e+00
1.200108009469530224e+00
3.672518213667853360e+00
1.295212737677045034e+00
-1.180073787077795089e+00
2.866757729505439833e+00
1.200108009469530224e+00
2.767399334505438624e+00
1.151202737677045285e+00
2.029604808496116242e+00
-1.005651977475908510e+00
1.507381529847460655e+00
1.418374179847459615e+00
2.413406498383176668e+00
4.137388636808212006e+00
5.277304041167039550e+00
1.091991440089479681e+00
2.595724289884001834e+00
2.120189268283282580e+00
3.654297788865831009e+00
1.399604363164185905e+00
4.335367376770449255e-01
8.264660094695299719e-01
-2.606273040570534327e+00
-3.459349097389039507e+00
-3.011194321903770899e+00
2.268132828855744521e-01
4.510465583460560701e+00
1.281314326241313140e+00
-3.208730321903770388e+00
1.324849335186765842e+00
2.918630202340805724e+00
-4.920083219037696409e-01
4.075721071789827121e+00
7.404720094695296240e-01
-9.059816930585649075e-01
3.129081312853665864e+00
-4.567362415038829226e-01
-3.011194321903770899e+00
-1.235886321903770124e+00
-1.186513219037701461e-01
-7.408130405705337651e-01
2.451890180197540126e+00
-1.720300490530469517e+00
-7.561370405705334363e-01
2.857489899089383556e+00
1.198775509469529155e+00
-1.068683219037698251e-01
-2.234949540570534410e+00
5.625264232389045382e+00
4.409971231441287998e+00
5.679005073708367490e-01
3.974542502340804973e+00
-1.001467171144252433e-01
3.356388351867654052e-01
-2.320263219037705937e-01
-1.272954488029792053e+00
3.796851252667475585e+00
-6.642987623229545946e-01
-9.574423219037697663e-01
1.437055608496117465e+00
1.121143758496116583e+00
-5.203026232295471232e-02
-4.250515597389039613e+00
1.623615358496116379e+00
1.530181187677046140e+00
3.966471502340803923e+00
1.481299037677045405e+00
1.649283829847458804e+00
2.139952226156715653e+00
-3.465718597389039424e+00
1.411089237677044750e+00
1.112276679847459704e+00
-1.630387287077794234e+00
7.646346798474592532e-01
-1.562769149574798178e+00
1.308778496387455803e+00
-1.628273106795617764e+00
1.528276337677045404e+00
-2.273278540570534467e+00
1.842629208496116000e+00
-9.526971576506442219e-01
-1.713527490530470487e+00
-8.668775973890392450e-01
1.193218600088625791e-01
3.253728736339263961e+00
-9.574423219037697663e-01
6.721908932043820784e-01
3.805321252667476450e+00
-1.005651977475908510e+00
1.652826029847460632e+00
1.686661079847461053e+00
1.901871958496117010e+00
-2.221511990530469660e+00
3.701992828855740214e-01
1.409771237677045264e+00
8.360528288557489418e-02
8.145252376770457658e-01
1.495946829847458304e+00
2.032575858496117327e+00
-9.150916930585646369e-01
7.504832261567164764e-01
-9.932521711442632295e-02
2.402303315697541741e+00
-2.463153097389039203e+00
-5.510196709280448246e-01
4.316887695985865747e+00
4.402000231441286715e+00
-2.725852623229547689e-01
9.564000094695295218e-01
2.568620889884002167e+00
2.865651629505438613e+00
1.491576637677045625e+00
3.304278069414348096e-01
-1.206489821903770299e+00
-3.854683717114425257e+00
-2.166632190377093536e-02
-9.317478219037704790e-01
5.625427232389045962e+00
-2.288225040570535107e+00
-6.459567171144255937e-01
8.264660094695299719e-01
1.649755479847460293e+00
1.537244329505438323e+00
3.363322791723035721e+00
2.594927439884001430e+00
5.625427232389045962e+00
-5.199328219037697707e-01
3.137978309946154454e+00
2.103514220197539863e+00
2.245790343350719809e+00
3.896165822665400569e+00
-8.814717687213322606e-01
-5.405250036125428537e-01
2.032575858496117327e+00
-4.027000040570534622e+00
5.979001487166699214e+00
4.409940231441288105e+00
7.140647261567156789e-01
2.051599176241312605e+00
1.504726387677045807e+00
2.402303315697541741e+00
3.129081312853665864e+00
-3.455805597389039807e+00
-3.495460036125432879e-01
1.399604363164185905e+00
3.974567502340805802e+00
1.122985143350719639e+00
1.324012237677044901e+00
2.301596743350717844e+00
2.742745326505438008e+00
1.312303496387455581e+00
-3.497527540570533944e+00
-3.289575973890395133e-01
1.361607335186764800e+00
2.025495076241313086e+00
1.871260685186765471e+00
-1.202292003612543070e+00
1.652826029847460632e+00
-3.283808040570534104e+00
4.906150073708364090e-01
-8.788272687213325440e-01
-1.005651977475908510e+00
1.324012237677044901e+00
3.388221741723036473e+00
4.811403228907862761e+00
-7.748915405705334436e-01
4.518711245817272903e+00
2.649708913164186441e+00
3.437485073708366201e-01
2.833592684505439330e+00
2.767399334505438624e+00
1.482064237677045426e+00
-2.537882015253956070e-02
-6.889612171144259278e-01
4.242276471682126626e+00
3.695443600088621494e-01
4.402020731441288248e+00
3.388196741723035643e+00
-9.841821903770586744e-03
1.824909835186764084e+00
2.649799713164185277e+00
4.402000231441286715e+00
2.984827672261515019e+00
-2.279626040570534862e+00
-2.604111540570533734e+00
-2.208678657650644084e+00
-2.437003217114426690e+00
5.625289232389046212e+00
-2.284746821903770098e+00
2.200402828855736459e-01
3.669604213667852832e+00
3.367340591723035459e+00
5.959158932043822077e-01
2.025495076241313086e+00
-2.250202193058565392e+00
1.010931068283281498e+00
-4.947144926291624500e-01
3.172792410270922403e+00
-1.370721821903770454e+00
-1.900782190377015013e-02
1.929640073708362991e-01
2.084112426241311766e+00
-2.437003217114426690e+00
-3.034911241503882806e+00
-3.209550973890396008e-01
3.216324686339264716e+00
5.632805073708366805e-01
-2.098746804590551740e+00
1.099919360008862590e+00
2.491554885197541758e+00
-2.378036821903769749e+00
1.906771535186765121e+00
6.140868932043828110e-01
5.589973600088624650e-01
1.528276337677045404e+00
4.261158932043818126e-01
1.280740835186765736e+00
2.559002828855740930e-01
4.241334971682126920e+00
1.198775509469529155e+00
1.976106158496118148e+00
-5.265843219037709133e-01
-1.775431321903770510e+00
7.638820094695297769e-01
1.835153785186765418e+00
-4.142091003612542899e+00
1.224824806941433586e+00
-2.501047657650643963e+00
-3.176321399911383736e-01
1.094375360008863041e+00
1.770319085186764951e+00
-1.900782190377015013e-02
9.869569963874571528e-01
9.169383069414349663e-01
2.229183849089384495e+00
2.308977828855738323e-01
4.402010231441286336e+00
4.451285073708373119e-01
4.143715136808210353e+00
-3.495405717114425936e+00
2.585100063164187389e+00
1.512519835186765249e+00
1.953549808496116036e+00
3.987169715015976834e-01
-1.916520649574798618e+00
-1.019717503612543652e+00
-2.308087738432833547e-01
2.412995520383176995e+00
3.679728069414354152e-01
-3.495405717114425936e+00
1.683135135186764941e+00
9.873220094695298599e-01
-3.157435973890398984e-01
4.137328636808210724e+00
6.009678932043822641e-01
7.545608069414351249e-01
2.413511441383176859e+00
4.249738471682126928e+00
1.204866306941435816e+00
3.805321252667476450e+00
2.332728970883175990e+00
1.724296039884001708e+00
1.234617932383525130e+00
-2.314088821903769855e+00
-1.630387287077794234e+00
1.847173926241312714e+00
1.654597879847459652e+00
1.482100987677045012e+00
4.370153262413118966e-01
1.078309009469530011e+00
2.568570189884001209e+00
-3.495405717114425936e+00
2.071998726241313094e+00
3.965811002340805302e+00
2.768091329505437237e+00
-7.783344774759077822e-01
2.423288315883176836e+00
2.459987828855743075e-01
1.358367835186765404e+00
2.140598076156717156e+00
-6.250287623229553446e-01
2.053608776241311773e+00
2.084037826241312175e+00
-7.388335405705337422e-01
2.599642213164184312e+00
1.482064237677045426e+00
1.204279806941435105e+00
-3.011194321903770899e+00
6.081508351867661588e-01
5.277304041167039550e+00
1.854241018283281583e+00
-2.725852623229547689e-01
-6.523658219037704598e-01
3.654523488865828895e+00
-5.607223595835746366e-01
-3.854683717114425257e+00
2.301268593350719982e+00
1.422570058496116729e+00
-6.593568219037706513e-01
-2.869466821903770004e+00
-3.241518717114425741e+00
4.135262136808209199e+00
3.896165822665400569e+00
-9.059816930585649075e-01
2.723366622383526447e+00
-6.385277171144254638e-01
-1.568851693058564756e+00
2.052384576241312431e+00
-9.743947171144258235e-01
2.984827672261515019e+00
2.768102114505437861e+00
2.018808176241311259e+00
1.310550737677044886e+00
1.133923600088628802e-01
2.139790126156714933e+00
1.308077737677044716e+00
2.409994090883175843e+00
2.587369313164185058e+00
3.501345291169426943e+00
-8.865077687213318569e-01
-2.221511990530469660e+00
5.978895487166698608e+00
-4.125327687213324879e-01
5.733870883390954631e-01
-3.495405717114425936e+00
2.737509552383524891e+00
-1.515274477475907489e+00
2.071773476241311585e+00
9.606919963874567259e-01
-8.641944905304699276e-01
-8.562340973890387730e-01
-1.584476649574797946e+00
5.382129715015970817e-01
-2.838500040570534289e+00
3.966357502340803975e+00
7.735978288557454619e-02
2.559002828855740930e-01
3.009407372261515334e+00
-3.066779317167194208e-01
-6.812221930585655727e-01
-5.450253045905508742e-01
1.510553279847460573e+00
1.649283829847458804e+00
1.530459637677045848e+00
2.086712318283281853e+00
-6.137967623229556580e-01
1.412300137677044987e+00
5.625299732389046348e+00
2.593518889884002476e+00
1.749225883390952418e-01
-7.912196495747982894e-01
-3.495460036125432879e-01
-2.537882015253956070e-02
-2.004920717114424988e+00
-3.980564490530469790e+00
3.500984941169427600e+00
-3.539030992629164096e+00
-9.999327171144258841e-01
2.140113876156716444e+00
1.337569237677045386e+00
1.294786432383524755e+00
-2.257758693058565136e+00
1.749225883390952418e-01
5.023352828855740526e-01
-8.562340973890387730e-01
-2.463624821903770190e+00
9.873220094695298599e-01
-3.882450036125435489e-01
3.967790002340803923e+00
-1.761266693058565203e+00
1.509448687677044987e+00
-2.320263219037705937e-01
-2.519871648132339104e-01
1.929640073708362991e-01
-6.385287623229540799e-01
1.686454535186767245e+00
4.623238134973041369e+00
-3.177573821903770579e+00
9.169383069414349663e-01
-1.658129268721332039e+00
2.030017908496117407e+00
-2.604111540570533734e+00
2.475870890197541918e+00
6.096780682832818599e-01
-5.510196709280448246e-01
1.512935485186764240e+00
2.071699626241311876e+00
-9.753755599105202734e-01
-1.890027492629163142e+00
1.054525143350719674e+00
2.833592514505439475e+00
2.649799713164185277e+00
4.304028932043824085e-01
-2.036145405705340750e-01
1.978031576156716653e+00
-2.501047657650643963e+00
4.623288134973039476e+00
-2.106550405705345241e-01
4.580260073708366519e-01
-2.316021321903770414e+00
-2.273278540570534467e+00
2.290802261567161935e-01
-1.983576495747980672e-01
-9.059816930585649075e-01
8.927538351867649880e-01
-8.755869880297924013e-01
5.978887987166699780e+00
2.149130094695301807e-01
-2.864192623229548929e-01
-4.634425911660905228e+00
9.992243932043827215e-01
1.499316787677045681e+00
-4.979256495747979017e-01
2.594050489884002886e+00
-2.642734097389039860e+00
2.175652828855740850e-01
1.510553279847460573e+00
3.023638572261516444e+00
9.873220094695298599e-01
3.568244062853665355e+00
-9.511972171144265076e-01
4.247773932043825695e-01
-5.268828045905511459e-01
-1.005651977475908510e+00
2.610986363164185420e+00
-6.930321903769964820e-03
3.974523502340803205e+00
3.974542502340804973e+00
-2.086986693058564768e+00
2.984827672261515019e+00
2.866757729505439833e+00
1.892890018283281073e+00
-6.835416481323441928e-02
1.817398335186764413e+00
-2.098746804590551740e+00
3.081581083175375824e+00
-8.651644880297917339e-01
-1.370136193058565155e+00
-1.540952149574797758e+00
2.723341447383525349e+00
3.167899410270921479e+00
-2.646335597389039229e+00
6.040218932043819322e-01
6.798553351867653305e-01
-1.638495321903770119e+00
2.595724289884001834e+00
-7.772271495747986592e-01
4.811427728907861301e+00
-1.630387287077794234e+00
4.402020731441288248e+00
3.974567502340805802e+00
3.672518213667853360e+00
2.767399334505438624e+00
3.209228069414349349e-01
9.782100094695298509e-01
1.058540326241312002e+00
5.625244732389046654e+00
1.163108826241312954e+00
2.578158689884000765e+00
-2.420374193058565382e+00
5.277607041167040158e+00
3.357034391723034972e+00
3.112188069414356661e-01
5.625299232389045834e+00
-4.726226639991137901e+00
4.623238134973041369e+00
1.410414237677045435e+00
4.297343932043817816e-01
-2.007656495747980330e-01
2.594757289884002560e+00
1.985598008496118005e+00
-1.890027492629163142e+00
3.501039741169426733e+00
4.075721071789827121e+00
3.138623509946155465e+00
-1.119193193058565683e+00
-6.523658219037704598e-01
2.208715605883176281e+00
-3.775240217114425256e+00
-3.001783201525398681e-01
3.987169715015976834e-01
3.654523488865828895e+00
4.993150384807707454e+00
-6.085667171144262255e-01
-9.886371711442620835e-02
1.901871958496117010e+00
9.597198932043822239e-01
3.136323259946154351e+00
-6.809966481323392884e-02
-4.421548693058565682e+00
-1.522742990530470131e+00
-7.452892623229550040e-01
-7.448225405705342084e-01
4.993175384807706507e+00
1.474415479847460020e+00
1.560548262413119502e-01
-3.127256821903769968e+00
1.432702405883175878e+00
1.414317687677045576e+00
-3.011194321903770899e+00
4.323455195985866695e+00
3.672518213667853360e+00
2.604364513164185269e+00
1.310584996387456513e+00
2.190697828855743268e-01
-1.272954488029792053e+00
-8.814717687213322606e-01
3.360704591723035151e+00
-2.277200664813234354e+00
-1.272954488029792053e+00
-2.257758693058565136e+00
4.518686745817272588e+00
2.824315364505436854e+00
3.462239385518499191e+00
1.646606729847459150e+00
1.869640285186767059e+00
4.811427728907861301e+00
1.654597879847459652e+00
1.350755737677045154e+00
1.090692860008863008e+00
-3.828396097389039632e+00
9.606919963874567259e-01
5.589973600088624650e-01
1.531140137677045487e+00
2.138322726156715703e+00
1.593133629847461208e+00
-4.061353219037702189e-01
3.462851535518499446e+00
5.716722376770455583e-01
3.023896722261515180e+00
3.967790002340803923e+00
2.824315364505436854e+00
4.518685745817273336e+00
1.136597261567153794e-01
-2.198466657650643974e+00
-7.871289774759073765e-01
-3.917586067956166929e-01
8.360528288557489418e-02
-1.301843321903770168e+00
3.568244062853665355e+00
3.732231749641742979e+00
1.537244329505438323e+00
2.824480509505437276e+00
2.058664976241313838e+00
3.608227828855739006e-01
5.040277376770454509e-01
1.190534737677045207e+00
2.119178096229745734e-03
2.303520343350719202e+00
1.487105337677045114e+00
2.737211312383525552e+00
6.096780682832818599e-01
3.253728686339263376e+00
2.984827672261515019e+00
2.697545149505438111e+00
5.282523600088619986e-01
1.126833496387456890e+00
-5.268828045905511459e-01
-3.779351648132340813e-01
1.084199509469529588e+00
3.357034391723034972e+00
-2.340404321903770679e+00
-5.265843219037709133e-01
-1.177056930585651529e-01
4.135262136808209199e+00
1.414317687677045576e+00
5.277607041167040158e+00
-2.503294926291639300e-01
4.693800073708365161e-01
2.431153615197541917e+00
1.145202996387457262e+00
2.049829626241312042e+00
5.693755073708368641e-01
4.282743932043819868e-01
-1.331098217114425886e+00
4.323518195985865731e+00
1.003152893204382501e+00
6.184903600088622611e-01
1.687152729847460009e+00
1.091991440089479681e+00
2.491647970197541362e+00
1.594333758496115472e+00
8.097440883390953914e-01
1.193218600088625791e-01
-1.630387287077794234e+00
4.249738471682126928e+00
1.204866306941435816e+00
-1.840288149574798027e+00
2.358953500883176346e+00
-3.011194321903770899e+00
9.674234963874575044e-01
-1.005651977475908510e+00
3.359245891723034561e+00
3.805321252667476450e+00
1.853385073708366804e-01
4.241516971682125714e+00
2.392977828855737954e-01
2.071773576241312753e+00
3.679728069414354152e-01
1.658281029847460175e+00
1.870818435186764717e+00
-4.671234106795617791e+00
3.568244062853665355e+00
-8.713821903770124777e-03
1.005669400894797505e-01
2.772250189505437667e+00
8.123878288557406790e-02
-1.559426149574798970e+00
1.600742887677045090e+00
1.136176496387456325e+00
1.139446496387456875e+00
4.316887695985865747e+00
2.737410117383525687e+00
1.204866306941435816e+00
4.518736245817273733e+00
5.336309558831757727e-01
2.601635963164186549e+00
1.408429237677045975e+00
1.340007237677045104e+00
-1.560582193058565714e+00
-3.011194321903770899e+00
5.277607041167040158e+00
2.595724289884001834e+00
-1.314151648132346750e-01
1.675192535186765141e+00
2.737559042383525210e+00
-1.604875649574799112e+00
5.733870883390954631e-01
3.388283941723035042e+00
1.952419608496117398e+00
-3.121510331619834488e-01
1.684989629847461146e+00
2.245159143350718978e+00
-1.498803821903770483e+00
2.595724289884001834e+00
3.798296252667475947e+00
-2.596094606795618098e+00
1.144084737677045105e+00
1.094375360008863041e+00
-9.448173219037698800e-01
3.679728069414354152e-01
-1.619916717114426419e+00
-1.421890321903770626e+00
4.518736245817273733e+00
-3.922518219037698373e-01
-8.676219880297919573e-01
-1.142293219037711083e-01
-2.377159717114425419e+00
-9.420112171144259250e-01
-8.908432015253975322e-02
-6.157675405705340665e-01
2.824240259505439887e+00
2.601378191723036082e+00
5.978994487166699123e+00
2.833592514505439475e+00
4.137328636808210724e+00
-3.708932492629163580e+00
-2.503294926291639300e-01
8.145252376770457658e-01
1.527186737677046935e+00
-1.945617193058565952e+00
3.966516002340805258e+00
9.985728288557371712e-02
5.277607041167040158e+00
1.152359955883175857e+00
4.247773932043825695e-01
1.769901135186765728e+00
-4.099733821903769559e+00
2.720624567383525871e+00
2.824125194505437086e+00
2.568393189884002226e+00
-4.342142623229552356e-01
2.649890563164186474e+00
3.987169715015976834e-01
2.296611943350718832e+00
1.109394400894805344e-01
-6.809966481323392884e-02
-2.234949540570534410e+00
-2.265108193058565256e+00
-2.293957040570534289e+00
-6.656741503882734889e-03
-3.249084717114425480e+00
6.781413932043820481e-01
-2.130775762322954847e+00
-2.504083219037704922e-01
-1.550734821903770211e+00
2.824505524505439347e+00
2.245790343350719809e+00
1.501871426241311980e+00
-9.903167171144264813e-01
-3.854683717114425257e+00
2.866188829505438740e+00
2.303520343350719202e+00
4.323103195985865455e+00
-1.515274477475907489e+00
1.074079509469529903e+00
4.921685073708363944e-01
1.917854968283282169e+00
1.373902237677045335e+00
-1.821678262322954822e+00
1.412530337677045722e+00
1.953017508496116328e+00
-2.639920040570534532e+00
-3.011194321903770899e+00
2.020415876241312247e+00
4.320558932043825351e-01
8.956673069414344823e-01
1.203212306941435550e+00
1.006815393204381515e+00
-2.461659639991136572e+00
3.253944936339264515e+00
-2.260789040570533537e+00
1.166522237677044771e+00
5.978901987166699961e+00
2.053168876241311835e+00
2.289712261567160567e-01
3.138258209946153343e+00
7.160611798474594281e-01
-3.482010990530469474e+00
4.143715136808210353e+00
1.654597879847459652e+00
1.191685737677044443e+00
4.249738471682126928e+00
-3.121510331619834488e-01
-1.370721821903770454e+00
2.491622665197540165e+00
4.249738471682126928e+00
-1.562994193058565351e+00
2.865239329505437915e+00
4.245276798474595381e-01
-1.119192693058566057e+00
-9.841821903770586744e-03
1.956028358496115338e+00
2.448384370197540072e+00
-2.098746804590551740e+00
-6.772741503882961922e-03
-2.340404321903770679e+00
3.545383351867661403e-01
1.482100987677045012e+00
1.151048863164185754e+00
-2.841269540570533714e+00
-1.142293219037711083e-01
-1.370136193058565155e+00
1.194871009469530065e+00
2.423288315883176836e+00
3.384245991723036084e+00
3.165712810270923327e+00
4.993200384807705561e+00
2.071798926241312344e+00
2.202842376770455246e-01
5.277582041167041105e+00
3.304278069414348096e-01
7.689108069414354318e-01
-4.148869097389039418e+00
1.317528335186764821e+00
2.474542965197540134e+00
2.966296272261514488e+00
-3.367782190377077711e-02
1.324012237677044901e+00
3.798193752667475387e+00
-1.068683219037698251e-01
2.077599326241312383e+00
-1.476725268721332363e+00
4.137388636808212006e+00
2.051599176241312605e+00
-2.331639492629163257e+00
9.506348069414345403e-01
9.873220094695298599e-01
-3.757359821903770936e+00
9.782100094695298509e-01
1.772572235186766321e+00
-9.681960679561729677e-02
8.264287376770447224e-01
3.798339252667477517e+00
2.077599326241312383e+00
3.309510094695298221e-01
1.587918820197540271e+00
-1.475948028498402564e+00
2.358860405883175915e+00
-3.946524040570534186e+00
-6.248940405705338819e-01
4.317013195985865082e+00
4.272288932043819543e-01
1.954297908496116953e+00
9.893524963874567035e-01
1.796915382383524218e+00
1.689097679847460398e+00
-2.371173693058564957e+00
-4.372495676164742662e-01
1.904140535186765959e+00
2.134557268283281850e+00
-6.202857623229549588e-01
-7.844207171144255142e-01
8.923536433507193166e-01
-4.342617623229552137e-01
-2.001120992629163098e+00
-7.064965036125432363e-01
2.601378191723036082e+00
2.086712318283281853e+00
-3.722659317167185122e-01
-1.988671149574798847e+00
5.705722376770445692e-01
-3.319479597389039860e+00
2.245285643350719340e+00
5.282523600088619986e-01
2.610986363164185420e+00
-3.495405717114425936e+00
3.966402002340805311e+00
-1.598670693058565462e+00
1.203378806941434398e+00
2.322986526723035183e+00
8.148307376770453914e-01
-9.526971576506442219e-01
8.312405094695298757e-01
1.001420893204381990e+00
1.303393335186765256e+00
2.529292239884002313e+00
-3.241518717114425741e+00
-1.246547623229545820e-01
4.242276471682126626e+00
3.732231749641742979e+00
-4.725777171144258659e-01
4.925260883390949473e-01
1.094513360008862790e+00
3.732140749641741806e+00
3.501169691169426557e+00
5.277557041167040275e+00
-3.753238219037697831e-01
1.804868963164185658e+00
1.871811185186766480e+00
8.549408201975401411e-01
-3.854683717114425257e+00
4.934140073708368490e-01
8.855630682832815737e-01
-3.046558040570533699e+00
2.861281129505438336e+00
5.267917376770459015e-01
1.136597261567153794e-01
3.008271672261516372e+00
2.824480509505437276e+00
-2.166632190377093536e-02
1.660898929847459016e+00
-3.112385821903770555e+00
2.923949499089383508e+00
2.208715605883176281e+00
3.805321252667476450e+00
-2.359255821903770922e+00
-3.073351040570533321e+00
1.227390306941434694e+00
7.278343069414345834e-01
-1.769762821903769989e+00
-3.854683717114425257e+00
9.782100094695298509e-01
1.094513360008862790e+00
-9.059816930585649075e-01
4.323266695985866548e+00
4.075721071789827121e+00
9.985728288557371712e-02
-2.090791193058564978e+00
2.475359070197540312e+00
3.023921922261516571e+00
6.056669400894802990e-01
2.721440362383525269e+00
1.310521496387456963e+00
-1.678190821903770669e+00
3.460089985518500555e+00
6.096780682832818599e-01
1.523604737677045406e+00
1.978031576156716653e+00
4.143715136808210353e+00
4.758787376770454713e-01
-1.002694717114425593e+00
2.493385874884001652e+00
3.195761433507193772e-01
-9.526971576506442219e-01
2.152237828855740887e-01
5.625205232389045129e+00
-2.121495649574798747e+00
-9.526971576506442219e-01
-2.257758693058565136e+00
2.724114512383525977e+00
-9.511972171144265076e-01
-1.987179149574798132e+00
1.773313029847459532e+00
1.280740835186765736e+00
-5.268828045905511459e-01
3.708903600088628849e-01
-1.301843321903770168e+00
-4.469972321903771473e+00
3.388196741723035643e+00
1.097453860008862137e+00
-2.340402821903770914e+00
4.323455195985866695e+00
8.264287376770447224e-01
1.481865637677044489e+00
-2.371173693058564957e+00
-7.461549053047011881e-02
-2.955266540570533174e+00
3.798497252667476509e+00
1.665271629847460133e+00
-1.278718821903769509e+00
2.084187276241312503e+00
-4.342617623229552137e-01
3.380503741723035915e+00
2.358953500883176346e+00
1.295212737677045034e+00
-2.271364040570534648e+00
-8.578184905304695462e-01
-1.005651977475908510e+00
-1.180073787077795089e+00
2.182092828855743960e-01
1.981092608496116902e+00
-1.645224321903770104e+00
2.071650876241312389e+00
1.408429237677045975e+00
-4.979256495747979017e-01
2.032575858496117327e+00
-2.277200664813234354e+00
-7.840427623229544452e-01
2.568570239884001793e+00
-2.928759262322954804e+00
2.865996179505439834e+00
2.305237905883176452e+00
8.967276798474603794e-01
5.647915073708364986e-01
-4.013618040570534617e+00
1.673172235186765278e+00
-1.840288149574798027e+00
1.146782258496116924e+00
2.231244315933896161e+00
3.253819386339264597e+00
2.413511441383176859e+00
5.267917376770459015e-01
2.768102114505437861e+00
-2.379580821903770627e+00
7.735978288557454619e-02
2.116280918283281132e+00
-1.670573768721332897e+00
-3.359931503612543224e+00
2.923537099089383418e+00
1.842629208496116000e+00
1.304807863164185733e+00
3.388283941723035042e+00
1.573911508496116163e+00
9.008117584961166102e-01
-8.172437623229544812e-01
-4.273463597389039137e+00
-2.208678657650644084e+00
3.380853641723035707e+00
-2.644677597389040180e+00
-4.031006067956175443e-01
4.623288134973039476e+00
2.828703239505439448e+00
2.086712318283281853e+00
6.207858351867656665e-01
9.685720094695300375e-01
-4.921269905304708203e-01
2.478507828855738282e-01
2.084212376241312725e+00
9.873220094695298599e-01
2.595187939884000983e+00
9.169383069414349663e-01
-1.595379003612542590e+00
2.303520343350719202e+00
1.324012237677044901e+00
-2.048531495747987208e-01
3.138523309946155138e+00
-2.501047657650643963e+00
1.109394400894805344e-01
-4.742260559910519646e+00
9.169383069414349663e-01
2.717216172383526640e+00
9.333832376770452299e-01
-1.301843321903770168e+00
2.742745326505438008e+00
1.774558085186765055e+00
3.009271622261515233e+00
1.651003389884001749e+00
2.491512335197540118e+00
-2.501047657650643963e+00
4.409945731441286654e+00
1.347983737677045823e+00
8.097440883390953914e-01
6.697443932043825043e-01
-7.408130405705337651e-01
-1.430385768721333051e+00
5.282523600088619986e-01
-1.769762821903769989e+00
2.833592634505438745e+00
2.061186029505438277e+00
-1.247421490530469690e+00
-2.501047657650643963e+00
4.135442136808209490e+00
1.213930955883175677e+00
2.923680549089382907e+00
-1.104947321903770430e+00
-3.828709880297926915e-01
1.351403237677045510e+00
1.854241018283281583e+00
2.863839399089382454e+00
9.893524963874567035e-01
1.978031576156716653e+00
3.967790002340803923e+00
1.308077737677044716e+00
-7.583309880297921524e-01
3.138451609946155685e+00
1.981092608496116902e+00
-1.527067821903770550e+00
2.413484182883175677e+00
4.623288134973039476e+00
-1.323267490530470880e+00
-3.890132559910519650e+00
2.886338749089382816e+00
1.200108009469530224e+00
2.018808176241311259e+00
6.969130682832807011e-01
6.097849638745689305e-02
-7.169781648132342866e-01
-1.820351139991137401e+00
-2.428793219037697071e-01
1.901871958496117010e+00
4.402020731441288248e+00
-1.962769693058564968e+00
2.413303735383175663e+00
-2.168464320152541092e+00
-2.933026606795617219e+00
-4.205598201525404534e-01
1.774297429847461416e+00
1.689174376156715951e+00
4.143715136808210353e+00
6.040218932043819322e-01
1.870957435186765494e+00
-1.585955973890387227e-01
-7.805539774759076010e-01
1.774558085186765055e+00
-2.604111540570533734e+00
-1.527067821903770550e+00
1.400239229505438665e+00
2.227951443350718819e+00
3.805321252667476450e+00
-3.507833097389038812e+00
-7.461549053047011881e-02
-7.982196495747988507e-01
8.097440883390953914e-01
3.798497252667476509e+00
3.101612909946155128e+00
-9.235121711442584314e-02
1.409525237677044629e+00
2.142168168283281382e+00
-3.629233219037706348e-01
1.703271735186765667e+00
-2.157167649574798673e+00
-1.315868219037703568e-01
2.722112557383525200e+00
-4.611780411660904910e+00
-4.065022687213328823e-01
2.591582363164185665e+00
4.354513932043824198e-01
-2.371173693058564957e+00
-8.557571711442601980e-02
8.945336433507193874e-01
-8.668775973890392450e-01
4.135346636808210796e+00
-1.630387287077794234e+00
-2.429605821903770391e+00
-4.690862990530469290e+00
4.323543195985866561e+00
-7.209452870777948164e-01
2.476592970197541099e+00
-2.314088821903769855e+00
4.811427728907861301e+00
-7.819119774759082375e-01
-4.272981492629163824e+00
2.923851599089383413e+00
-8.877291930585649027e-01
1.749225883390952418e-01
2.093108368283281173e+00
4.402020731441288248e+00
1.870818435186764717e+00
-1.069786930585658880e-01
3.896165822665400569e+00
1.980751608496116312e+00
6.056669400894802990e-01
1.136597261567153794e-01
-5.156353219037708158e-01
-3.931813219037705309e-01
-7.461549053047011881e-02
-3.011194321903770899e+00
2.869510199089383207e+00
-1.753384193058565188e+00
-9.907385973890390218e-01
-5.510196709280448246e-01
1.601397987677044554e+00
4.143715136808210353e+00
2.423391575883176330e+00
4.931960883390953398e-01
4.518711245817272903e+00
1.771936985186764346e+00
2.076745686339263486e+00
-2.089902990530470461e+00
8.148307376770453914e-01
4.516745073708365865e-01
2.559002828855740930e-01
-1.892905990530469040e+00
-2.269342693058564286e+00
4.545131433507192398e-01
4.409971231441287998e+00
1.882301458496116631e+00
-3.011194321903770899e+00
2.566645239884001839e+00
-3.331123321903771028e+00
3.101612909946155128e+00
3.518428288557373662e-02
1.824909835186764084e+00
-1.949416990530469462e+00
2.478507828855738282e-01
2.084187276241312503e+00
2.032575858496117327e+00
1.003035039884002444e+00
1.683744715015969007e-01
-2.423216606795617345e+00
-3.459349097389039507e+00
-2.481258821903770340e+00
5.625289232389046212e+00
3.173873360270922817e+00
1.196692509469530208e+00
1.141289496387456914e+00
4.811453228907860868e+00
-1.630387287077794234e+00
2.610986363164185420e+00
-2.053657149574798169e+00
-3.828709880297926915e-01
2.923753549089383341e+00
-2.277200664813234354e+00
1.512935485186764240e+00
1.200108009469530224e+00
-2.371173693058564957e+00
1.203212306941435550e+00
-8.406022171144256205e-01
7.777771798474599763e-01
1.122570179847459215e+00
-4.984534601159982259e-01
1.956028358496115338e+00
4.951845883390948444e-01
-7.746795036125435630e-01
-2.134909649574798784e+00
2.833592534505437577e+00
2.141256568283281148e+00
2.208715605883176281e+00
2.649076863164186335e+00
1.862300126241311915e+00
3.654208138865831401e+00
8.971101798474592215e-01
2.084037826241312175e+00
3.500984941169427600e+00
1.347983737677045823e+00
-2.130775762322954847e+00
-1.374332193058565466e+00
1.496775229847459698e+00
3.805321252667476450e+00
2.965076798474601816e-01
-3.980564490530469790e+00
-2.269342693058564286e+00
-5.510196709280448246e-01
2.723614387383525681e+00
4.075721071789827121e+00
9.169383069414349663e-01
7.605793069414348295e-01
3.485386798474596759e-01
2.093108368283281173e+00
3.501039741169426733e+00
-8.908432015253975322e-02
4.249738471682126928e+00
3.654297738865830425e+00
-2.086986693058564768e+00
-1.498804821903770623e+00
1.093196860008863069e+00
-3.529625540570533904e+00
9.980328932043827095e-01
2.086712318283281853e+00
3.701992828855740214e-01
2.441375455197541733e+00
2.423288315883176836e+00
2.649799663164184693e+00
-4.725777171144258659e-01
1.531140137677045487e+00
5.589973600088624650e-01
-2.728539321903770798e+00
2.178322828855741022e-01
-1.291900988029792252e+00
1.461350779847460757e+00
2.610986363164185420e+00
4.496385073708371038e-01
-3.444896597389038639e+00
3.796536752667475589e+00
4.623238134973041369e+00
-6.889654411682410995e-02
2.141977068283281049e+00
1.773999435186764728e+00
7.503600094695297429e-01
2.824480519505438103e+00
3.202320036339264320e+00
1.080260009469530047e+00
-1.370721821903770454e+00
1.829597663164186372e+00
3.805321752667476964e+00
2.176142133175375193e+00
2.119178096229745734e-03
-2.501047657650643963e+00
2.723614387383525681e+00
1.871811185186766480e+00
1.154845996387456886e+00
2.491462230197540428e+00
-1.598670693058565462e+00
9.748140094695303404e-01
4.842460073708370061e-01
2.227951443350718819e+00
5.282523600088619986e-01
-4.342617623229552137e-01
5.625430073708370671e-01
2.167562828855738033e-01
3.701992828855740214e-01
-2.371173693058564957e+00
4.402020731441288248e+00
-1.088551321903770130e+00
-2.168464320152541092e+00
1.886114058496118240e+00
-1.515274477475907489e+00
3.253778936339264405e+00
-8.013707171144259789e-01
-5.111218219037700905e-01
-6.334292171144255690e-01
5.978926987166700791e+00
2.786311924505437965e+00
4.323518195985865731e+00
-7.626509880297920319e-01
3.568244062853665355e+00
9.132642584961176979e-01
-8.155067623229541596e-01
-6.320755405705336116e-01
4.135262136808209199e+00
-1.922632193058565697e+00
9.184478288557418324e-02
3.732231749641742979e+00
1.205941996387457138e+00
-3.495405717114425936e+00
-9.907385973890390218e-01
9.980328932043827095e-01
1.405888737677045697e+00
-1.900782190377015013e-02
-3.209550973890396008e-01
1.091991440089479681e+00
-2.227369693058564692e+00
-4.596726717114425931e+00
5.978994487166699123e+00
-1.595435717114426666e+00
-1.396792741503882773e+00
5.625299732389046348e+00
1.901871958496117010e+00
1.985598008496118005e+00
2.724114512383525977e+00
3.501165291169426652e+00
4.409970231441286970e+00
-1.476725268721332363e+00
-3.176321399911383736e-01
-3.980564490530469790e+00
2.923609949089383875e+00
1.312303496387455581e+00
4.409940231441288105e+00
8.281674558831761956e-01
-1.793068321903770190e+00
8.097440883390953914e-01
-1.630387287077794234e+00
9.674234963874575044e-01
-2.048531495747987208e-01
5.589973600088624650e-01
1.021618335186765592e+00
2.886338749089382816e+00
3.654182938865830010e+00
-9.465878219037708874e-01
3.172792410270922403e+00
3.437485073708366201e-01
2.358636700883176118e+00
-1.740149321903770030e+00
1.146782258496116924e+00
4.928425073708364579e-01
6.610183069414352630e-01
1.021752335186765670e+00
-6.467603219037698636e-01
3.023921922261516571e+00
-3.011194321903770899e+00
-3.241518717114425741e+00
2.296611943350718832e+00
1.956028358496115338e+00
3.568244062853665355e+00
-2.245357415038826687e-01
-5.268828045905511459e-01
1.151048863164185754e+00
-7.382607870777952996e-01
4.143715136808210353e+00
5.979001487166699214e+00
-3.986633219037702958e-01
-3.789616217114425201e+00
1.600984737677045189e+00
-1.005651977475908510e+00
-4.372495676164742662e-01
2.139952226156715653e+00
-1.399220821903770506e+00
-2.501047657650643963e+00
3.784490252667477073e+00
-1.314151648132346750e-01
1.901871958496117010e+00
3.173873360270922817e+00
1.146782258496116924e+00
3.653706238865829903e+00
2.491554880197541344e+00
1.310521496387456963e+00
3.974567502340805802e+00
3.568244062853665355e+00
-3.142339040570534259e+00
-2.320263219037705937e-01
-2.501047657650643963e+00
2.491554885197541758e+00
2.359368140883177034e+00
6.318787376770451658e-01
7.440325094695303676e-01
-2.041586495747989005e-01
3.654182938865830010e+00
2.722366019505439105e+00
-3.857673597389039255e+00
-1.515274477475907489e+00
4.075721071789827121e+00
1.415015858496117218e+00
2.020415876241312247e+00
1.601397987677044554e+00
2.208715605883176281e+00
-2.596094606795618098e+00
-1.652167768721332308e+00
3.568244062853665355e+00
4.323266695985866548e+00
4.323543195985866561e+00
3.001981772261515857e+00
7.646346798474592532e-01
-1.466502268721332491e+00
-3.468276232295508521e-02
1.021752335186765670e+00
1.929640073708362991e-01
-2.234949540570534410e+00
-1.441692657650643916e+00
-6.302301648132342393e-01
1.773127435186765410e+00
4.613300073708366256e-01
2.413483949883175939e+00
3.896165822665400569e+00
-4.216963201525398830e-01
1.316472237677045243e+00
3.679728069414354152e-01
1.978031576156716653e+00
4.143715136808210353e+00
-1.861144149574798234e+00
6.829138932043825605e-01
-6.809966481323392884e-02
-2.283285540570534344e+00
1.687152729847460009e+00
-3.241518717114425741e+00
9.506348069414345403e-01
3.195761433507193772e-01
9.869569963874571528e-01
-3.881129317167184567e-01
1.771805785186765902e+00
-3.854683717114425257e+00
2.833592684505439330e+00
-1.041334926291632712e-01
1.829597663164186372e+00
-2.036136821903770766e+00
-1.154873219037702015e-01
4.623288134973039476e+00
4.241516971682125714e+00
9.817418351867654991e-01
-1.255440821903770043e+00
8.313178932043827629e-01
-6.421825441168236281e-01
-9.776355331619832612e-01
3.359595691723036737e+00
2.737410117383525687e+00
1.005669400894797505e-01
-1.854920597389038583e+00
-2.989963201525398517e-01
-1.238898219037709580e-01
5.625274232389045004e+00
8.097440883390953914e-01
-1.314151648132346750e-01
-1.232311287077794582e+00
1.654597879847459652e+00
2.308977828855738323e-01
-1.068683219037698251e-01
-1.220572787077794707e+00
1.112276679847459704e+00
4.143536136808209314e+00
-5.541703045905510550e-01
3.974567502340805802e+00
1.906771535186765121e+00
-2.847817171144253479e-01
3.656353069414350898e-01
2.441375455197541733e+00
2.984827672261515019e+00
-2.098746804590551740e+00
9.169383069414349663e-01
3.501169691169426557e+00
2.332728970883175990e+00
-6.809966481323392884e-02
-1.003394097389040063e+00
-2.501047657650643963e+00
-1.630387287077794234e+00
1.510553279847460573e+00
1.196196009469529642e+00
4.135417136808210437e+00
-3.241518717114425741e+00
-2.631388219037704701e-01
3.672518213667853360e+00
1.648422679847460159e+00
-3.708932492629163580e+00
-5.731849116609044614e-01
4.510459083460561125e+00
3.009179472261516608e+00
-1.219436287077794390e+00
-1.474911157650645066e+00
2.491512335197540118e+00
-6.385277171144254638e-01
-1.250330717114425561e+00
-3.249084717114425480e+00
-1.177056930585651529e-01
-5.146037623229551272e-01
-4.027000040570534622e+00
3.568244062853665355e+00
2.071773576241312753e+00
-4.671234106795617791e+00
4.409971231441287998e+00
-1.638495321903770119e+00
-6.268767171144258299e-01
6.140868932043828110e-01
3.701992828855740214e-01
8.233323932043825621e-01
4.928425073708364579e-01
1.255588600088621831e-01
-1.374332193058565466e+00
9.873220094695298599e-01
2.491462230197540428e+00
1.094371039884001640e+00
1.163108826241312954e+00
1.651003389884001749e+00
2.595724289884001834e+00
4.811453228907860868e+00
7.297476798474598070e-01
2.737410317383524472e+00
2.412995520383176995e+00
-1.406955193058565534e+00
-2.671433040570533102e+00
-1.515274477475907489e+00
4.249738471682126928e+00
-1.464344157650644185e+00
1.202352806941434871e+00
1.158747932383525026e+00
-2.501047657650643963e+00
-9.511972171144265076e-01
-2.933026606795617219e+00
-1.370721821903770454e+00
3.166326310270923372e+00
2.595724289884001834e+00
2.723168697383524517e+00
6.829138932043825605e-01
1.904140535186765959e+00
3.367340591723035459e+00
-1.515206821903769985e+00
-5.450253045905508742e-01
2.144434218283282512e+00
2.200402828855736459e-01
-1.515274477475907489e+00
-4.432020821903771335e+00
-1.621886321903770245e+00
4.518711245817272903e+00
1.418374179847459615e+00
4.897397376770449284e-01
2.423288405883175400e+00
5.094867828855740299e-01
3.594393600088627849e-01
4.510465583460560701e+00
-6.083567171144261820e-01
-2.897844116609045173e-01
-2.367692321903769326e+00
-3.878064097389040121e+00
-9.448173219037698800e-01
2.243705143350720022e+00
5.330278288557366295e-02
3.628923600088622692e-01
1.754087585186764997e+00
2.139729126156716177e+00
-2.446813219037702325e-01
-3.854683717114425257e+00
2.737111867383525521e+00
-2.501047657650643963e+00
2.504572828855735622e-01
8.945336433507193874e-01
7.951665094695297142e-01
1.901871958496117010e+00
-3.011194321903770899e+00
3.652881438865829722e+00
-1.515274477475907489e+00
2.243705143350720022e+00
-2.549278559910519881e+00
9.169383069414349663e-01
2.200402828855736459e-01
2.356678160270922362e+00
1.773127435186765410e+00
4.409971231441287998e+00
3.253778936339264405e+00
2.742745326505438008e+00
1.955303308496115555e+00
1.481630787677044481e+00
-2.371173693058564957e+00
2.245790343350719809e+00
2.722502247383525642e+00
-8.713821903770124777e-03
1.902812368283281153e+00
1.956498258496117693e+00
-1.761342821903770783e+00
2.332728970883175990e+00
-1.213138219037706023e-01
-3.483651648132344292e-01
4.323543195985866561e+00
2.141977068283281049e+00
-6.889612171144259278e-01
-1.546686149574798108e+00
-8.026106495747988845e-01
5.277607041167040158e+00
3.732231749641742979e+00
2.123951218283280262e+00
-2.415136193058565084e+00
7.951665094695297142e-01
2.086712318283281853e+00
4.409971231441287998e+00
-1.560582193058565714e+00
3.679728069414354152e-01
5.711645073708364606e-01
-4.612902171144259711e-01
2.824568769505439114e+00
1.649608579847459566e+00
1.983637229505439414e+00
3.195761433507193772e-01
-3.232800973890386231e-01
2.736889317383525366e+00
-2.639920040570534532e+00
-6.385277171144254638e-01
-4.687298490530469763e+00
-3.011194321903770899e+00
5.713455073708360032e-01
5.786210883390952020e-01
1.773127435186765410e+00
-4.921269905304708203e-01
-7.773337171144252267e-01
-6.656741503882734889e-03
8.105733932043817092e-01
-2.501047657650643963e+00
-2.449060821903771057e+00
-4.432020821903771335e+00
2.529292239884002313e+00
-9.489073219037704732e-01
-2.604111540570533734e+00
2.190697828855743268e-01
4.811453228907860868e+00
-6.202857623229549588e-01
1.112901679847460024e+00
1.412624737677045772e+00
4.314898932043815805e-01
2.886338749089382816e+00
4.143715136808210353e+00
5.625274232389045004e+00
3.388283941723035042e+00
-2.098746804590551740e+00
2.824480519505438103e+00
6.712096798474593840e-01
4.323040195985866418e+00
-1.678190821903770669e+00
-2.767641067956176926e-01
2.761598794505437660e+00
-3.110092540570534858e+00
4.811427728907861301e+00
1.773780529847460485e+00
1.304807863164185733e+00
7.166516798474606986e-01
1.764806185186765575e+00
2.273337828855748199e-01
1.981364335071944538e-02
2.423391575883176330e+00
1.953892176241311063e+00
1.782071263164185737e+00
-9.496528219037703167e-01
-5.781752171144258767e-01
-1.762602193058564914e+00
-1.101700321903770430e+00
4.242276471682126626e+00
1.198823306941434907e+00
2.529292239884002313e+00
2.865836379505437570e+00
-3.241518717114425741e+00
2.242123093350720353e+00
6.151453600088618856e-01
-3.828709880297926915e-01
-4.438136821903770013e+00
-3.996805540570534276e+00
2.071798926241312344e+00
2.245853939884002060e+00
5.625427232389045962e+00
2.135518168283280893e+00
-2.359255821903770922e+00
4.354513932043824198e-01
4.143715136808210353e+00
4.409945731441286654e+00
3.022273672261515998e+00
4.354513932043824198e-01
4.560462376770448856e-01
2.866138679505438880e+00
1.930100818283281505e+00
2.154862376770454446e-01
4.402020731441288248e+00
1.897117199089382922e+00
3.101612909946155128e+00
-1.527330973890395072e-01
4.559895073708366553e-01
-2.501047657650643963e+00
3.356388351867654052e-01
-4.628666762322954042e+00
1.144084737677045105e+00
5.221897376770456844e-01
-3.455805597389039807e+00
2.824240259505439887e+00
1.203212306941435550e+00
3.967790002340803923e+00
-2.602881664813234686e+00
-2.428793219037697071e-01
4.282743932043819868e-01
-3.653851821903770780e+00
-6.930321903769964820e-03
2.308977828855738323e-01
1.862300126241311915e+00
1.491576637677045625e+00
2.231244315933896161e+00
2.050493776241312460e+00
2.445397320197540303e+00
-3.320075040570534597e+00
1.817398335186764413e+00
-1.604875649574799112e+00
3.974567502340805802e+00
-3.011194321903770899e+00
-1.219436287077794390e+00
4.518660245817273768e+00
-1.663554821903770353e+00
2.071998726241313094e+00
5.931038932043826151e-01
4.075721571789825859e+00
-3.854683717114425257e+00
5.277134541167041171e+00
-1.559173321903770670e+00
1.281314326241313140e+00
-1.630387287077794234e+00
5.221897376770456844e-01
-2.203980405705339152e-01
-9.317478219037704790e-01
-2.773281164813234945e+00
1.481630787677044481e+00
1.295212737677045034e+00
-9.546846930585646263e-01
3.081581083175375824e+00
2.123951218283280262e+00
-6.068786930585643447e-01
3.967790002340803923e+00
3.679728069414354152e-01
4.134948636808210232e+00
2.208715605883176281e+00
-7.266320973890394441e-01
3.896165822665400569e+00
4.993175384807706507e+00
2.613870232383526115e+00
2.475359070197540312e+00
-3.495405717114425936e+00
3.020081022261516424e+00
-3.119132321903770766e+00
3.654347988865829677e+00
1.930100818283281505e+00
2.649708913164186441e+00
1.352105826241312592e+00
3.166326310270923372e+00
2.786311924505437965e+00
2.924047499089382995e+00
3.356388351867654052e-01
1.151048863164185754e+00
1.529510587677046729e+00
1.193218600088625791e-01
-2.501047657650643963e+00
1.977697558496116947e+00
2.451890180197540126e+00
-2.203980405705339152e-01
3.253778936339264405e+00
2.298000993350719057e+00
3.359595691723036737e+00
1.393747758496116873e+00
3.798497252667476509e+00
9.716987584961174207e-01
-1.088551321903770130e+00
-2.110460405705341103e-01
9.628353932043820507e-01
-3.529625540570533904e+00
6.009678932043822641e-01
1.665271629847460133e+00
3.367340591723035459e+00
2.120125868283280646e+00
3.388283691723035673e+00
1.665271629847460133e+00
2.440247828855737211e-01
9.628353932043820507e-01
1.807200785186767078e+00
3.695443600088621494e-01
3.167899410270921479e+00
4.623238134973041369e+00
-1.159518359583574743e+00
2.529292239884002313e+00
7.929808351867659866e-01
-1.550136821903770112e+00
2.290802261567161935e-01
-1.761266693058565203e+00
-9.060907171144254590e-01
-1.475948028498402564e+00
-1.630387287077794234e+00
2.824505509505438106e+00
-2.234949540570534410e+00
3.356388351867654052e-01
-3.629233219037706348e-01
2.610986363164185420e+00
-7.840427623229544452e-01
7.735978288557454619e-02
4.940660883390961544e-01
3.401760073708368637e-01
3.654523488865828895e+00
2.604005263164186346e+00
-1.434476503612542864e+00
3.798296252667475947e+00
1.021752335186765670e+00
3.701483600088621984e-01
5.978895487166698608e+00
1.660410229847460784e+00
3.367340591723035459e+00
4.993175384807706507e+00
4.402020731441288248e+00
-1.464344157650644185e+00
-3.276569540570534400e+00
1.399604363164185905e+00
1.523604737677045406e+00
1.768775085186765850e+00
9.979600946953048890e-02
-4.065022687213328823e-01
9.873220094695298599e-01
-1.543088321903770321e+00
-7.209452870777948164e-01
1.221997806941433673e+00
4.143715136808210353e+00
9.697099963874569184e-01
3.558852562853664026e+00
1.883649008496116828e+00
-1.154873219037702015e-01
-3.107773321903770203e+00
-7.898311495747982747e-01
-6.809966481323392884e-02
1.763362789884000748e+00
3.138523309946155138e+00
3.195761433507193772e-01
2.642223763164185613e+00
1.079378509469529845e+00
-8.865077687213318569e-01
1.407270737677045247e+00
2.084037826241312175e+00
-3.854683717114425257e+00
2.578158689884000765e+00
2.308977828855738323e-01
1.373902237677045335e+00
3.446552828855740103e-01
1.512935485186764240e+00
-1.179915693058565473e+00
2.075305926241313159e+00
-4.265826492629163802e+00
-4.612902171144259711e-01
-2.958970503612543546e+00
2.722112557383525200e+00
3.499869441169426665e+00
-4.265826492629163802e+00
3.669604213667852832e+00
2.540095039884002759e+00
-3.444896597389038639e+00
-1.441335973890387478e-01
-1.323267490530470880e+00
-3.984628540570533950e+00
-2.481258821903770340e+00
-2.320263219037705937e-01
1.772176985186765918e+00
2.866138679505438880e+00
-1.434476503612542864e+00
-3.011194321903770899e+00
2.326702325197540056e+00
-1.005651977475908510e+00
1.097453860008862137e+00
-8.562340973890387730e-01
-9.059816930585649075e-01
2.717951222383526044e+00
-9.811660331619833642e-01
-5.510196709280448246e-01
-5.510196709280448246e-01
-3.503491040570534398e+00
8.241148932043822484e-01
-1.515274477475907489e+00
4.613300073708366256e-01
-6.772741503882961922e-03
1.158747932383525026e+00
2.126635568283281152e+00
1.981364335071944538e-02
2.053608776241311773e+00
1.654039379847459301e+00
1.771936985186764346e+00
3.380702991723035566e+00
4.811403228907862761e+00
-2.508893219037702238e-01
5.716722376770455583e-01
2.923851599089383413e+00
1.358367835186765404e+00
-2.537882015253956070e-02
-3.708932492629163580e+00
4.758787376770454713e-01
-6.062152171144257196e-01
3.542877828855743871e-01
-5.146037623229551272e-01
-6.593992171144256176e-01
7.747223351867660313e-01
4.581065073708368018e-01
3.023921922261516571e+00
2.423391575883176330e+00
1.807200785186767078e+00
1.749225883390952418e-01
1.665271629847460133e+00
-8.626899053046965804e-02
9.719475094695297912e-01
2.418532828855735062e-01
2.451890180197540126e+00
-6.523658219037704598e-01
1.771165135186764772e+00
5.625289232389046212e+00
2.052384576241312431e+00
1.412300137677044987e+00
8.144468932043826825e-01
3.462239385518499191e+00
5.959158932043822077e-01
2.772250189505437667e+00
2.358953500883176346e+00
9.873220094695298599e-01
-1.441335973890387478e-01
-2.168464320152541092e+00
3.672518213667853360e+00
1.885019358496117015e+00
-3.507833097389038812e+00
-2.749138201525402891e-01
2.358953500883176346e+00
1.200799306941434885e+00
3.501089941169427178e+00
1.978031576156716653e+00
2.413381282383175730e+00
-9.059816930585649075e-01
2.053168876241311835e+00
2.139914818283281228e+00
-6.215910405705340480e-01
-7.448225405705342084e-01
-2.265108193058565256e+00
1.771936985186764346e+00
6.009678932043822641e-01
-1.231856930585655263e-01
1.771165135186764772e+00
-8.988027623229548624e-01
-3.708932492629163580e+00
-3.994923540570533671e+00
3.501144691169427503e+00
-1.264913321903770260e+00
-1.647957623229547863e-01
2.610986363164185420e+00
-1.559426149574798970e+00
-4.432020821903771335e+00
-3.715688566492811873e-01
1.307119496387455726e+00
-4.224013597389039809e+00
4.143715136808210353e+00
-3.779351648132340813e-01
-2.537882015253956070e-02
-3.854683717114425257e+00
-1.159518359583574743e+00
1.975885208496117151e+00
4.510465583460560701e+00
-2.217657193058564680e+00
5.625427232389045962e+00
5.094867828855740299e-01
5.094867828855740299e-01
3.380702741723034421e+00
8.095271798474596991e-01
5.371834715015975092e-01
-2.990341737586872384e-01
4.811427728907861301e+00
3.142918069414344373e-01
4.370153262413118966e-01
1.309699496387457529e+00
1.649755479847460293e+00
-2.273278540570534467e+00
1.098277360008862225e+00
3.138623509946155465e+00
9.766570094695303794e-01
3.304278069414348096e-01
3.784490252667477073e+00
6.096780682832818599e-01
-9.317478219037704790e-01
4.143715136808210353e+00
2.649890363164185914e+00
3.896165822665400569e+00
-9.526971576506442219e-01
9.404642376770455670e-01
-2.098746804590551740e+00
2.923949499089383508e+00
1.528276337677045404e+00
3.732231749641742979e+00
3.797478351867651369e-01
-1.630387287077794234e+00
1.688493029847460747e+00
-3.995255540570534780e+00
4.510462583460561170e+00
7.471848069414352977e-01
9.526433932043820718e-01
4.143570636808211027e+00
-2.328378003612543878e+00
4.571580073708361169e-01
-2.473498490530470661e+00
-7.748915405705334436e-01
1.980751608496116312e+00
7.160611798474594281e-01
9.648530094695297876e-01
-7.461549053047011881e-02
1.119995643350719661e+00
1.724296039884001708e+00
2.587369313164185058e+00
5.589973600088624650e-01
-9.114471737586873346e-01
3.138354809946156010e+00
5.589973600088624650e-01
-3.922518219037698373e-01
-1.562769149574798178e+00
5.733870883390954631e-01
-1.430385768721333051e+00
2.052923776241311060e+00
-9.782360036125439251e-01
7.951665094695297142e-01
-8.711960973890393589e-01
3.896165822665400569e+00
5.589973600088624650e-01
-7.819119774759082375e-01
2.308977828855738323e-01
2.116280918283281132e+00
-4.024697540570533860e+00
-3.828709880297926915e-01
3.142918069414344373e-01
-5.077363219037707154e-01
3.679728069414354152e-01
-4.921269905304708203e-01
1.075683262413127395e-01
1.594562979847459872e+00
9.169383069414349663e-01
-5.004524905304696958e-01
-1.159518359583574743e+00
-3.516650540570533501e+00
2.591228739884002152e+00
7.638820094695297769e-01
2.358636700883176118e+00
-1.515206821903769985e+00
-1.835359164813234578e+00
9.873220094695298599e-01
-2.271364040570534648e+00
6.781413932043820481e-01
3.394150094695298492e-01
4.518559745817271711e+00
2.071773476241311585e+00
2.864501449089384977e+00
1.854241018283281583e+00
-2.362074821903770605e+00
3.654182938865830010e+00
3.656353069414350898e-01
-3.948355040570534324e+00
1.079862009469529482e+00
-1.702350405705344016e-01
-2.007656495747980330e-01
-7.879050284984030483e-01
2.359709865883175439e+00
8.218048932043826582e-01
8.971101798474592215e-01
-2.604111540570533734e+00
-6.523658219037704598e-01
-3.529625540570533904e+00
-2.501047657650643963e+00
-2.049973657650644654e+00
-1.380117193058564951e+00
2.578158689884000765e+00
-7.819119774759082375e-01
-4.024818040570533384e+00
2.332429900883177254e+00
3.470213035518499467e+00
1.151048863164185754e+00
1.414317687677045576e+00
-1.363663219037700713e-01
1.006815393204381515e+00
-3.943267106795618204e+00
8.097440883390953914e-01
9.584068932043825484e-01
1.481600287677045102e+00
2.231244315933896161e+00
2.268132828855744521e-01
3.974567502340805802e+00
-3.629233219037706348e-01
2.768102114505437861e+00
4.510465583460560701e+00
6.605733932043831302e-01
1.355180737677045499e+00
2.482798600197541283e+00
4.242276471682126626e+00
1.710832555883175843e+00
-3.011194321903770899e+00
-3.773252623229543801e-01
4.143715136808210353e+00
5.277582041167041105e+00
6.184903600088622611e-01
-3.507833097389038812e+00
4.518711245817272903e+00
3.896165822665400569e+00
3.001981772261515857e+00
4.282743932043819868e-01
-4.726226639991137901e+00
-1.740149321903770030e+00
2.396012385197541228e+00
1.132021496387456416e+00
-9.420112171144259250e-01
2.139914818283281228e+00
2.737211312383525552e+00
8.097440883390953914e-01
-3.708932492629163580e+00
1.654039379847459301e+00
4.314185695985866431e+00
2.050493776241312460e+00
-3.995255540570534780e+00
2.649784263164185916e+00
2.568292289884000823e+00
1.528276337677045404e+00
-1.892905990530469040e+00
4.241456471682125695e+00
-2.463147821903770129e+00
2.649890413164186498e+00
2.824568769505439114e+00
-3.331123321903771028e+00
-4.014035321903769216e+00
2.077599326241312383e+00
1.710832555883175843e+00
-1.382257193058564759e+00
1.500351879847460879e+00
4.811427728907861301e+00
-1.278718821903769509e+00
-2.378036821903769749e+00
2.119178096229745734e-03
3.896165822665400569e+00
-1.570745973890392833e-01
-1.002694717114425593e+00
5.625427232389045962e+00
-7.982196495747988507e-01
9.169383069414349663e-01
2.765165269505437173e+00
2.540095039884002759e+00
2.833592634505438745e+00
1.770899185186765479e+00
3.967790002340803923e+00
-4.262300441168243026e-01
1.054525143350719674e+00
2.289712261567160567e-01
2.119178096229745734e-03
4.354513932043824198e-01
9.697099963874569184e-01
2.608724763164186555e+00
2.770345109505437442e+00
1.638771079847460399e+00
4.516745073708365865e-01
3.112188069414356661e-01
3.023516522261514794e+00
3.732165749641742636e+00
1.953017508496116328e+00
-2.910194116609039483e-01
-2.521879317167181611e-01
-3.708932492629163580e+00
2.923680549089382907e+00
1.140131835186765308e+00
-3.922518219037698373e-01
-3.483651648132344292e-01
1.347060737677045594e+00
2.126635568283281152e+00
-1.892905990530469040e+00
-2.642734097389039860e+00
3.466068335518500021e+00
1.512935485186764240e+00
1.091991440089479681e+00
-4.148869097389039418e+00
-8.788272687213325440e-01
-3.142339040570534259e+00
-3.180975973890394215e-01
3.253547336339265073e+00
3.798497252667476509e+00
3.896165822665400569e+00
2.833554069505438200e+00
3.974567502340805802e+00
-2.468017821903769615e+00
-4.024697540570533860e+00
3.501169691169426557e+00
-1.861144149574798234e+00
2.868552049089384326e+00
4.993175384807706507e+00
6.425378288557404005e-02
-4.342617623229552137e-01
-4.469972321903771473e+00
-9.999327171144258841e-01
5.094867828855740299e-01
-4.342617623229552137e-01
9.333832376770452299e-01
-2.098746804590551740e+00
9.169383069414349663e-01
-3.996805540570534276e+00
-3.947678219037706882e-01
5.978887987166699780e+00
3.358546941723034251e+00
2.724114512383525977e+00
-1.413878219037707495e-01
-3.241518717114425741e+00
2.824505509505438106e+00
3.896165822665400569e+00
-1.159518359583574743e+00
-3.011194321903770899e+00
2.172362828855742833e-01
1.835153785186765418e+00
-4.014035321903769216e+00
-7.819119774759082375e-01
-2.503294926291639300e-01
1.255588600088621831e-01
1.648630179847458521e+00
-2.501047657650643963e+00
-3.495405717114425936e+00
1.771805785186765902e+00
-1.630387287077794234e+00
-2.638572597389040375e+00
-3.708932492629163580e+00
-4.502248201525400617e-01
8.145252376770457658e-01
2.241332643350720133e+00
4.137388636808212006e+00
1.215972996387456817e+00
-1.001467171144252433e-01
-4.205598201525404534e-01
-3.947678219037706882e-01
-9.526971576506442219e-01
-1.385894193058565982e+00
-2.843291067956172924e-01
5.589973600088624650e-01
2.139790126156714933e+00
-1.478036657650644514e+00
3.010094772261515672e+00
3.805321752667476964e+00
-6.389932190377045629e-02
2.649643113164184882e+00
3.974567502340805802e+00
-1.929650693058565736e+00
3.784490252667477073e+00
1.154845996387456886e+00
-1.188011693058565577e+00
2.866138679505438880e+00
5.576740073708368328e-01
2.071998726241313094e+00
6.140868932043828110e-01
2.451890180197540126e+00
8.243370094695299244e-01
-1.345485217114426035e+00
4.993175384807706507e+00
7.548310094695303007e-01
3.896190822665401399e+00
2.154862376770454446e-01
-7.995102171144257142e-01
6.063289400894795733e-01
3.501236041169427438e+00
5.625427232389045962e+00
3.241833069414346014e-01
-1.101059028498402981e+00
-1.264868003612543035e+00
3.169741410270921378e+00
1.775767426156715345e+00
-8.668775973890392450e-01
3.518428288557373662e-02
1.864519176241312692e+00
2.301596743350717844e+00
-2.487822241503883092e+00
-1.069786930585658880e-01
2.444158830197539878e+00
2.139790126156714933e+00
-7.615570405705343049e-01
-1.538825973890398657e-01
2.491394270197539562e+00
-9.327031648132342312e-01
1.348580737677044894e+00
-2.113420693058565725e+00
-2.423216606795617345e+00
2.245285643350719340e+00
-1.331098217114425886e+00
5.589973600088624650e-01
-3.775240217114425256e+00
8.281015094695298728e-01
2.488187376770447656e-01
4.249738471682126928e+00
1.623615358496116379e+00
1.355357737677044483e+00
-2.098746804590551740e+00
-3.444896597389038639e+00
-1.512290821903770066e+00
-4.725297490530470768e+00
-3.177573821903770579e+00
1.075683262413127395e-01
1.774558085186765055e+00
-9.448173219037698800e-01
2.923949449089384700e+00
2.737410317383524472e+00
2.924047499089382995e+00
2.441375455197541733e+00
4.934980883390958084e-01
2.305093355883176542e+00
4.623237634973040855e+00
2.027993108496116470e+00
-7.679785405705343848e-01
3.565965094695293658e-01
-4.920083219037696409e-01
1.224824806941433586e+00
2.757876079505439115e+00
-1.498803821903770483e+00
-3.319479597389039860e+00
1.854241018283281583e+00
2.561930694143566001e-02
2.861281129505438336e+00
-7.840427623229544452e-01
1.660410229847460784e+00
8.763928288557476520e-02
-5.146037623229551272e-01
-5.415358219037704757e-01
-4.470847693058564332e+00
-2.320263219037705937e-01
-1.009917171144252279e-01
1.312526237677045238e+00
4.249738471682126928e+00
1.770666435186766918e+00
-2.098746804590551740e+00
-8.865077687213318569e-01
-1.552410649574797574e+00
1.623549008496117274e+00
-1.187267693058564610e+00
2.208715605883176281e+00
2.448655682832816538e-01
1.815638835186765832e+00
3.380667791723034554e+00
2.610986363164185420e+00
1.193218600088625791e-01
-5.510196709280448246e-01
3.732231749641742979e+00
2.291528205883174962e+00
-1.158078219037701473e-01
1.754087585186764997e+00
1.927946258496116450e+00
1.505794987677045782e+00
3.195761433507193772e-01
1.560548262413119502e-01
1.021752335186765670e+00
1.771685035186765234e+00
-1.679334193058564573e+00
-6.083567171144261820e-01
3.679728069414354152e-01
2.120189268283282580e+00
2.051945976241313474e+00
-2.032731495747981398e-01
-4.302312171144260233e-01
3.216324686339264716e+00
2.162427828855744139e-01
-3.393334317167182590e-01
3.672518213667853360e+00
-1.464344157650644185e+00
-6.593568219037706513e-01
-1.434064193058564918e+00
-3.495405717114425936e+00
1.056935820197540288e+00
-1.621470973890390965e-01
1.684989629847461146e+00
-2.501047657650643963e+00
3.784490252667477073e+00
4.993150384807707454e+00
1.640164163164185673e+00
-3.241518717114425741e+00
-1.224834787077794473e+00
1.558693262413122227e-01
1.815570735186765816e+00
3.195761433507193772e-01
-1.119192693058566057e+00
4.075721071789827121e+00
2.491554885197541758e+00
2.559002828855740930e-01
2.415857828855738632e-01
-4.125327687213324879e-01
3.380416491723035932e+00
-1.227087003612544081e+00
-6.666873219037707798e-01
5.094867828855740299e-01
5.277206541167040577e+00
9.960804558831757305e-01
-8.001221495747978807e-01
5.094867828855740299e-01
-1.400643193058564329e+00
4.241584971682126337e+00
9.817418351867654991e-01
2.786311924505437965e+00
-4.143442687213321207e-01
5.786210883390952020e-01
-2.754310693058564574e+00
1.650090879847461167e+00
-8.641944905304699276e-01
2.824417109505438894e+00
-5.268828045905511459e-01
-1.559173321903770670e+00
2.613870232383526115e+00
1.983637229505439414e+00
4.314185695985866431e+00
5.641683351867659013e-01
-4.920083219037696409e-01
1.638771079847460399e+00
-1.569427193058564818e+00
1.665271629847460133e+00
2.860979749089384683e+00
-3.708932492629163580e+00
1.202715306941434470e+00
3.896165822665400569e+00
-2.234949540570534410e+00
-2.277200664813234354e+00
-9.317478219037704790e-01
1.352105826241312592e+00
-1.604875649574799112e+00
3.034686433507198799e-01
-1.114179321903770337e+00
1.601968237677045437e+00
8.923536433507193166e-01
4.135442136808209490e+00
-1.101059028498402981e+00
2.326702325197540056e+00
3.009100122261516574e+00
-8.155067623229541596e-01
-2.227369693058564692e+00
4.409899231441288592e+00
7.768568351867655153e-01
5.000257828855740883e-01
-2.501047657650643963e+00
1.644468879847458709e+00
-1.441692657650643916e+00
3.701483600088621984e-01
2.610986363164185420e+00
1.864519176241312692e+00
1.686454535186767245e+00
2.491554990197539787e+00
-2.639920040570534532e+00
2.866188829505438740e+00
4.993175384807706507e+00
-1.244362639991138053e+00
-1.202292003612543070e+00
-1.179081193058565624e+00
1.512935485186764240e+00
2.865836379505437570e+00
3.974567502340805802e+00
1.373902237677045335e+00
3.732231749641742979e+00
5.898535883390945145e-01
-3.001783201525398681e-01
3.001182672261515805e+00
1.942881813164184734e+00
-1.524824317167192689e-01
1.209801780962296291e-01
1.312303496387455581e+00
4.249738471682126928e+00
1.144693496387456655e+00
2.824315364505436854e+00
4.075721071789827121e+00
2.391387828855737752e-01
1.710832555883175843e+00
3.360405241723036340e+00
5.625427232389045962e+00
3.379709841723034458e+00
1.310550737677044886e+00
1.656158779847459073e+00
-1.916520649574798618e+00
1.638771079847460399e+00
-3.495548606795617630e+00
3.896165822665400569e+00
3.679728069414354152e-01
6.184903600088622611e-01
-1.088551321903770130e+00
-3.739963219037711895e-01
-2.003756149574797973e+00
2.568469339884002167e+00
1.154845996387456886e+00
1.139446496387456875e+00
1.082712584961171842e-01
5.625427232389045962e+00
2.824505524505439347e+00
-3.715688566492811873e-01
-2.408995193058564688e+00
9.526433932043820718e-01
-3.854683717114425257e+00
-3.021978597389039400e+00
9.169383069414349663e-01
3.216324686339264716e+00
5.589973600088624650e-01
3.241833069414346014e-01
3.967657502340804498e+00
-1.570745973890392833e-01
-7.064965036125432363e-01
2.824480509505437276e+00
-8.729744880297918286e-01
1.163108826241312954e+00
-2.644677597389040180e+00
3.478355073708367939e-01
3.195761433507193772e-01
3.487992828855741578e-01
1.649755479847460293e+00
3.388196791723036227e+00
2.476022710197541166e+00
2.923753549089383341e+00
1.142581068283281986e+00
-2.269342693058564286e+00
-3.333437321903770290e+00
-5.588821903770302413e-03
2.592108339884001467e+00
3.784490252667477073e+00
3.672518213667853360e+00
2.190697828855743268e-01
1.482197737677045879e+00
-7.064965036125432363e-01
3.796851252667475585e+00
5.505388600088618745e-01
-2.340404321903770679e+00
-8.578184905304695462e-01
-1.571474649574797766e+00
2.595724289884001834e+00
-3.708932492629163580e+00
2.423391575883176330e+00
-2.501047657650643963e+00
1.646606729847459150e+00
2.737111867383525521e+00
5.625427232389045962e+00
1.313628237677045618e+00
4.075721071789827121e+00
3.380702991723035566e+00
-1.235886321903770124e+00
1.307119496387455726e+00
2.061186029505438277e+00
-3.478460540570534221e+00
-4.143933219037698734e-01
-7.995102171144257142e-01
3.023921922261516571e+00
3.501345291169426943e+00
4.518660245817273768e+00
1.409525237677044629e+00
4.838128288557363987e-02
5.382129715015970817e-01
2.559002828855740930e-01
-1.525632190377024244e-02
-2.308087738432833547e-01
3.654523488865828895e+00
3.470213035518499467e+00
-5.510196709280448246e-01
-2.922782164813234829e+00
2.475838010197539241e+00
2.475359070197540312e+00
7.646346798474592532e-01
4.075721071789827121e+00
-2.452284821903770506e+00
-3.283808040570534104e+00
2.594050489884002886e+00
3.784490252667477073e+00
3.594393600088627849e-01
2.984827672261515019e+00
2.300660543350719678e+00
3.664898713667852803e+00
3.380667791723034554e+00
1.871811185186766480e+00
1.507381529847460655e+00
2.491622665197540165e+00
-9.317478219037704790e-01
-4.611780411660904910e+00
9.781280094695299354e-01
5.625427232389045962e+00
-2.805720040570533591e+00
3.380503741723035915e+00
-5.510196709280448246e-01
7.638820094695297769e-01
2.864877129505438269e+00
4.323605195985866345e+00
-4.302312171144260233e-01
1.414317687677045576e+00
8.147010094695303906e-01
3.380416491723035932e+00
4.613300073708366256e-01
2.245121043350719603e+00
1.978031576156716653e+00
2.491665510197541344e+00
-1.370721821903770454e+00
-1.644700973890396156e-01
3.501064741169427563e+00
-1.126136321903770110e+00
8.923536433507193166e-01
-2.088791495747983618e-01
3.004651322261514323e+00
4.249738471682126928e+00
1.404744737677045663e+00
1.512935485186764240e+00
3.253819386339264597e+00
3.356181433507199330e-01
3.253944936339264515e+00
-4.038927687213318407e-01
-1.005651977475908510e+00
9.873220094695298599e-01
3.501345291169426943e+00
1.081562179847459504e+00
1.227390306941434694e+00
2.084212376241312725e+00
2.833592519505438112e+00
-1.568851693058564756e+00
8.986213069414352717e-01
3.796851252667475585e+00
3.797904752667476735e+00
1.225858600088631789e-01
6.721908932043820784e-01
-6.878777623229552773e-01
2.243565443350718169e+00
4.137388636808212006e+00
-5.511381067956175883e-01
2.649890413164186498e+00
-2.260789040570533537e+00
1.094185679847459625e+00
5.094867828855740299e-01
-2.141120321903770218e+00
1.212966996387456753e+00
1.897117199089382922e+00
-8.131727171144262911e-01
-3.142339040570534259e+00
-1.180956787077795056e+00
1.810652235186767101e+00
5.392628288557421712e-02
3.974567502340805802e+00
2.861281129505438336e+00
-3.724034321903770373e+00
1.660104579847459405e+00
-1.220572787077794707e+00
1.985598008496118005e+00
1.263274826241312709e+00
-4.250719717114425755e+00
2.923680549089382907e+00
-2.277200664813234354e+00
-1.740149321903770030e+00
-1.515274477475907489e+00
-1.399220821903770506e+00
-2.638572597389040375e+00
-1.782025821903770790e+00
-1.929650693058565736e+00
8.945336433507193874e-01
1.373902237677045335e+00
-1.854920597389038583e+00
1.240418726156716112e+00
1.481865637677044489e+00
-9.776355331619832612e-01
3.195761433507193772e-01
4.993013884807707470e+00
-1.441335973890387478e-01
1.956498258496117693e+00
7.951583351867661520e-01
3.009100122261516574e+00
1.360960835186765472e+00
6.220853201975407032e-01
1.076404509469529813e+00
6.151453600088618856e-01
2.595724289884001834e+00
-1.515274477475907489e+00
2.071798926241312344e+00
1.560548262413119502e-01
2.594817289884000289e+00
-4.132409321903770305e+00
1.078685009469530165e+00
-2.401678164813233707e+00
4.811453228907860868e+00
3.805321252667476450e+00
3.167899410270921479e+00
4.897397376770449284e-01
1.537244329505438323e+00
9.560668932043823176e-01
1.351297737677045419e+00
2.418422828855737450e-01
2.472883610197540882e+00
8.189463932043823391e-01
1.500351879847460879e+00
3.388221741723036473e+00
3.001981772261515857e+00
5.336309558831757727e-01
4.906150073708364090e-01
-1.004898193058564537e+00
-9.820927171144262502e-01
2.649734063164185471e+00
8.097440883390953914e-01
3.009179472261516608e+00
-1.522742990530470131e+00
-9.317478219037704790e-01
1.985598008496118005e+00
3.798497252667476509e+00
3.138623509946155465e+00
7.689108069414354318e-01
-1.267263217114425800e+00
2.642223763164185613e+00
1.773476885186765273e+00
-3.011194321903770899e+00
1.870445185186765613e+00
-6.537493219037706638e-01
9.333832376770452299e-01
-2.463624821903770190e+00
4.409945731441286654e+00
3.798339252667477517e+00
6.773228932043826589e-01
4.143715136808210353e+00
-7.615570405705343049e-01
4.518736245817273733e+00
3.784490252667477073e+00
6.781413932043820481e-01
-2.131661649574798645e+00
-1.370721821903770454e+00
2.245853939884002060e+00
3.732165749641742636e+00
2.423288405883175400e+00
8.865073767704512164e-02
3.127297171789827246e+00
2.568620889884002167e+00
9.967248932043828447e-01
-3.854683717114425257e+00
1.527186737677046935e+00
1.529796687677045242e+00
-2.989963201525398517e-01
2.742745326505438008e+00
2.252808320197540404e+00
1.529796687677045242e+00
2.303520343350719202e+00
4.409971231441287998e+00
5.749280073708362693e-01
4.323543195985866561e+00
3.138451609946155685e+00
7.696888069414349332e-01
5.267917376770459015e-01
1.495946829847458304e+00
4.409971231441287998e+00
-4.302312171144260233e-01
1.979677308496117227e+00
-1.674513321903770446e+00
2.594316189884002810e+00
-1.142293219037711083e-01
2.119178096229745734e-03
1.086674643350718839e+00
1.198775509469529155e+00
2.786311924505437965e+00
1.650090879847461167e+00
1.985598008496118005e+00
7.546178288557392477e-02
-1.654692768721332641e+00
-7.209452870777948164e-01
-6.593568219037706513e-01
2.245790343350719809e+00
-1.754730693058564661e+00
3.568244062853665355e+00
3.798497252667476509e+00
5.336309558831757727e-01
4.249607971682126006e+00
2.136523068283280757e+00
4.314185695985866431e+00
2.475838010197539241e+00
2.049829626241312042e+00
3.805321752667476964e+00
4.317013195985865082e+00
4.921685073708363944e-01
1.646606729847459150e+00
2.051945976241313474e+00
4.931960883390953398e-01
-1.791172321903770737e+00
1.985598008496118005e+00
1.437055608496117465e+00
4.075721071789827121e+00
-7.942982171144254977e-01
1.006815393204381515e+00
2.866021379505439448e+00
7.509695094695301165e-01
3.253778936339264405e+00
-1.045076762322954878e+00
-1.586527693058565447e+00
2.724114512383525977e+00
-8.729744880297918286e-01
8.218048932043826582e-01
1.854241018283281583e+00
4.934980883390958084e-01
2.786311924505437965e+00
2.824328689505438028e+00
2.649890563164186474e+00
9.169383069414349663e-01
3.380667791723034554e+00
-2.234949540570534410e+00
-9.753755599105202734e-01
-3.011194321903770899e+00
8.986213069414352717e-01
3.732231749641742979e+00
-3.157435973890398984e-01
2.866188829505438740e+00
7.297476798474598070e-01
1.647167579847460317e+00
9.893524963874567035e-01
3.974567502340805802e+00
-3.980564490530469790e+00
3.470213035518499467e+00
2.717951222383526044e+00
1.091927860008862439e+00
-2.429605821903770391e+00
1.530181187677046140e+00
5.625427232389045962e+00
4.075721571789825859e+00
2.923949399089384116e+00
-2.841269540570533714e+00
-6.878777623229552773e-01
-1.916520649574798618e+00
1.654597879847459652e+00
-2.371173693058564957e+00
-2.804426232295487154e-02
1.688426779847459258e+00
-2.602881664813234686e+00
-3.432446368358146316e-01
-8.988027623229548624e-01
1.003035039884002444e+00
1.509448687677044987e+00
4.353811798474591654e-01
3.142918069414344373e-01
1.099919360008862590e+00
-9.660191576506438338e-01
-7.982196495747988507e-01
3.669604213667852832e+00
-7.871289774759073765e-01
5.733870883390954631e-01
3.805321252667476450e+00
1.688493029847460747e+00
-2.814253821903770714e+00
-3.159515973890387741e-01
-1.909778193058564888e+00
-2.501047657650643963e+00
3.797668752667475722e+00
4.510459083460561125e+00
-2.869689821903770088e+00
-7.209452870777948164e-01
1.502399487677044121e+00
2.025495076241313086e+00
5.371834715015975092e-01
-2.059616495747977893e-01
2.413483949883175939e+00
-3.828396097389039632e+00
3.701992828855740214e-01
3.384245991723036084e+00
1.917854968283282169e+00
-1.123009320152540624e+00
9.169383069414349663e-01
5.330278288557366295e-02
-2.110460405705341103e-01
2.030777558496116519e+00
1.351297737677045419e+00
3.253944936339264515e+00
6.712096798474593840e-01
3.974567502340805802e+00
-1.559173321903770670e+00
2.359368140883177034e+00
6.220853201975407032e-01
1.006815393204381515e+00
3.501345291169426943e+00
5.716722376770455583e-01
2.025495076241313086e+00
1.870445185186765613e+00
-7.948681495747980108e-01
1.154845996387456886e+00
4.623263134973040422e+00
3.380416491723035932e+00
4.409945731441286654e+00
1.096950360008862368e+00
-6.656741503882734889e-03
4.409971231441287998e+00
2.585100063164187389e+00
-1.119193193058565683e+00
4.075721071789827121e+00
2.071625726241311582e+00
5.589973600088624650e-01
2.786311924505437965e+00
-2.359255821903770922e+00
1.684989629847461146e+00
3.010094772261515672e+00
-3.708932492629163580e+00
1.281314326241313140e+00
1.686988629847459009e+00
-2.195091657650644734e+00
4.409970731441287484e+00
7.883632584961173251e-01
4.528871798474600752e-01
-3.241518717114425741e+00
3.366545073708371305e-01
7.471848069414352977e-01
-8.082477171144262229e-01
2.824328524505438587e+00
-1.421890321903770626e+00
7.747223351867660313e-01
2.141256568283281148e+00
2.071998726241313094e+00
-4.307225106795617542e+00
-3.982883201525400096e-01
1.269772584961161854e-01
2.488187376770447656e-01
8.281674558831761956e-01
2.243565443350718169e+00
-8.395854905304691584e-01
-2.284746821903770098e+00
3.356181433507199330e-01
4.143536136808209314e+00
1.306340996387456599e+00
3.388221741723036473e+00
-2.173159157650644602e+00
-3.318426097389039597e+00
-3.328905973890394776e-01
1.097453860008862137e+00
3.367340591723035459e+00
-8.305557171144259954e-01
-1.741216040570534140e+00
1.505174387677044479e+00
1.122985143350719639e+00
5.589973600088624650e-01
4.931960883390953398e-01
2.144434218283282512e+00
3.380853641723035707e+00
3.797904752667476735e+00
-2.092514693058565634e+00
2.413381282383175730e+00
-2.728539321903770798e+00
1.209801780962296291e-01
9.893524963874567035e-01
1.864519176241312692e+00
3.654297738865830425e+00
1.146782258496116924e+00
4.075721571789825859e+00
2.737509612383524527e+00
2.768102114505437861e+00
-1.982777149574797448e+00
-5.781752171144258767e-01
8.264287376770447224e-01
8.255765094695295403e-01
-4.510582503612543093e+00
-3.438627540570533991e+00
3.987169715015976834e-01
7.548310094695303007e-01
4.134454136808209945e+00
-7.848939774759076116e-01
2.444158830197539878e+00
3.023896722261515180e+00
-1.789314821903770891e+00
-1.529980821903770050e+00
3.896190822665401399e+00
3.966516002340805258e+00
-4.469972321903771473e+00
1.512935485186764240e+00
3.805321752667476964e+00
-1.441692657650643916e+00
-1.154873219037702015e-01
2.290802261567161935e-01
-7.461549053047011881e-02
1.978031576156716653e+00
-2.353731597389038477e+00
5.625245232389047167e+00
2.146607828855735534e-01
-1.224834787077794473e+00
2.491301350197539399e+00
4.075721071789827121e+00
-3.495548606795617630e+00
2.722082417383525410e+00
1.091991440089479681e+00
-1.232311287077794582e+00
1.773476885186765273e+00
-1.246064821903770437e+00
-1.630387287077794234e+00
1.347060737677045594e+00
-4.432020821903771335e+00
-4.151973201525400725e-01
2.649734063164185471e+00
4.528871798474600752e-01
-1.219436287077794390e+00
1.412530337677045722e+00
4.451285073708373119e-01
1.139446496387456875e+00
1.886114058496118240e+00
4.249738471682126928e+00
4.143715136808210353e+00
8.710246798474603480e-01
-1.019717503612543652e+00
3.057798069414348063e-01
-5.039628219037703971e-01
-1.789314821903770891e+00
2.476592970197541099e+00
3.195761433507193772e-01
2.447152215197541558e+00
-6.317707171144260059e-01
-6.268767171144258299e-01
-2.446813219037702325e-01
-3.495405717114425936e+00
1.746243426241312235e+00
2.491462230197540428e+00
-4.920083219037696409e-01
2.742745326505438008e+00
4.503400073708370144e-01
1.404851758496117320e+00
3.380416491723035932e+00
3.784490252667477073e+00
-7.064965036125432363e-01
-3.157435973890398984e-01
1.393747758496116873e+00
-1.510941911660904857e+00
2.413484182883175677e+00
4.571580073708361169e-01
1.774297429847461416e+00
-1.005774003612543765e+00
1.638771079847460399e+00
3.359245891723034561e+00
-1.740149321903770030e+00
1.308350237677045058e+00
5.711645073708364606e-01
3.896165822665400569e+00
4.317013195985865082e+00
9.817418351867654991e-01
-2.990341737586872384e-01
4.134624136808210615e+00
-6.809966481323392884e-02
-8.557571711442601980e-02
5.277206541167040577e+00
1.097453860008862137e+00
-2.830655097389040087e+00
1.804868963164185658e+00
-1.154873219037702015e-01
-1.680774193058565125e+00
4.316887695985865747e+00
-3.177573821903770579e+00
3.501089941169427178e+00
-2.273278540570534467e+00
-9.041867623229542517e-01
2.595724289884001834e+00
3.195761433507193772e-01
-7.266320973890394441e-01
7.767890094695300007e-01
-4.433201821903770323e+00
6.689408932043825473e-01
2.529292239884002313e+00
-4.917156648132348096e-01
1.358367835186765404e+00
-8.393086495747983378e-01
-1.740149321903770030e+00
2.052065776241311923e+00
1.854241018283281583e+00
-3.947678219037706882e-01
1.775767426156715345e+00
-1.529980821903770050e+00
-1.505065304590551989e+00
1.658281029847460175e+00
-1.310972258743110075e+00
-1.135396741503883256e+00
-9.041867623229542517e-01
4.317013195985865082e+00
3.380853641723035707e+00
3.253547336339265073e+00
2.080769693350719152e+00
2.162427828855744139e-01
4.143570636808211027e+00
3.007665472261516371e+00
-1.840288149574798027e+00
4.143570636808211027e+00
6.670133932043826874e-01
-1.172412171144259219e-01
-8.609217687213321923e-01
1.524842120197540396e+00
1.985598008496118005e+00
-3.468276232295508521e-02
3.501144691169427503e+00
-9.654575036125434551e-01
2.724114512383525977e+00
-9.855025973890390034e-01
8.030178288557365818e-02
5.277557041167040275e+00
-6.419248219037712033e-01
-3.459349097389039507e+00
3.009100122261516574e+00
1.823245476241313057e+00
4.510465583460560701e+00
-2.928759262322954804e+00
2.447152215197541558e+00
-5.541703045905510550e-01
1.470350276241312315e+00
3.023835672261515839e+00
-2.869283741503882545e+00
-2.466949639991137033e+00
2.447152215197541558e+00
1.495946829847458304e+00
-3.241518717114425741e+00
-2.501047657650643963e+00
-8.755869880297924013e-01
4.921685073708363944e-01
4.518711745817273417e+00
-2.388072657650644359e+00
5.716722376770455583e-01
3.798497252667476509e+00
-1.515274477475907489e+00
4.571580073708361169e-01
1.946805926241312434e+00
1.703271735186765667e+00
2.860092479505438767e+00
-5.022568219037708559e-01
-3.289575973890395133e-01
-3.854683717114425257e+00
-2.320263219037705937e-01
3.797904752667476735e+00
2.568317439884001629e+00
-6.059630405705345169e-01
-3.444896597389038639e+00
1.904823785186765761e+00
3.896190822665401399e+00
-1.854920597389038583e+00
1.098277360008862225e+00
4.314185695985866431e+00
4.795015073708359665e-01
1.199909306941434828e+00
2.578158689884000765e+00
7.655423069414348802e-01
4.795015073708359665e-01
-1.143646930585653365e-01
3.654458938865829509e+00
1.804868963164185658e+00
-5.146037623229551272e-01
1.686454535186767245e+00
2.737360902383525030e+00
-5.731849116609044614e-01
3.216324686339264716e+00
-3.241518717114425741e+00
4.510459083460561125e+00
4.075721071789827121e+00
5.666050073708364110e-01
1.482161987677043768e+00
-9.593208219037698825e-01
1.897117199089382922e+00
-2.088791495747983618e-01
-1.441335973890387478e-01
-4.151973201525400725e-01
4.135346636808210796e+00
3.129081312853665864e+00
-3.708932492629163580e+00
-2.098746804590551740e+00
-1.917914149574798444e+00
5.978915987166698365e+00
-1.126136321903770110e+00
-7.942982171144254977e-01
2.303520343350719202e+00
1.773999435186764728e+00
8.147010094695303906e-01
-1.179081193058565624e+00
-3.775240217114425256e+00
-2.922782164813234829e+00
-3.854683717114425257e+00
-1.219436287077794390e+00
2.275017220197541157e+00
-7.748915405705334436e-01
-2.671433040570533102e+00
1.199350306941434852e+00
6.829138932043825605e-01
-3.635811540570534461e+00
1.415015858496117218e+00
3.195761433507193772e-01
-2.275729217114426106e+00
-1.315403320152539912e+00
2.610986363164185420e+00
5.330278288557366295e-02
2.146607828855735534e-01
8.097440883390953914e-01
1.418374179847459615e+00
2.568393189884002226e+00
-1.929650693058565736e+00
7.112938069414349584e-01
-1.909778193058564888e+00
2.071773576241312753e+00
1.928677468283281904e+00
-3.285726399911368389e-01
-3.209550973890396008e-01
-3.357440599105201429e-01
-1.515274477475907489e+00
5.329639715015970225e-01
-1.529980821903770050e+00
4.075721071789827121e+00
2.171697905883176460e+00
-5.510196709280448246e-01
3.253944936339264515e+00
-2.501047657650643963e+00
9.873220094695298599e-01
2.444158830197539878e+00
2.923753549089383341e+00
2.767399334505438624e+00
-2.227369693058564692e+00
2.786311924505437965e+00
5.625430073708370671e-01
-8.908432015253975322e-02
-3.011194321903770899e+00
-8.766920973890393043e-01
-2.221511990530469660e+00
1.225858600088631789e-01
3.732231749641742979e+00
-9.743947171144258235e-01
1.558254400894805158e-01
