2.756371593958272825e+01
3.266134602123422326e+01
5.915317294336635001e+01
2.518075611092501020e+01
8.256327575806673735e+01
7.635594366061174298e+01
7.964991933250067291e+01
1.032102936948215444e+02
1.478346641073905801e+02
8.013919017397000744e+00
2.210249348631462940e+00
3.752711863735528652e+01
2.565694614691033948e+01
1.635680775847003332e+01
1.638883379122904671e+01
4.731400240956967451e+01
1.773375807771856572e+01
5.364842470499517191e+01
1.490366511851495623e+01
7.173305545584284459e+01
6.537824139222387032e+01
2.392592335624026845e+01
8.386057141254312342e+00
1.688937848928812357e+01
2.544775534702386821e+01
3.270369398209663814e+01
2.284295883541409822e+01
1.024686083412810156e+01
2.031868510414530959e+01
2.472945755115507893e+01
2.664765957109003125e+01
1.609692598120880547e+01
2.358943894755247683e+01
5.643310363923478690e+01
2.236571919539714202e+02
7.152288251090045890e+01
1.029420553532909111e+02
2.714988861943503551e+01
4.700438183978670281e+01
4.121064738503730496e+01
5.031851715266269309e+01
1.081311730927691173e+01
1.668588777289877001e+01
6.811828430419170743e+00
8.996267463961379462e+01
2.198646564736310793e+01
4.895716915854345785e+01
3.421419989100712655e+01
2.033057103173319291e+01
2.038959707761459228e+01
1.112653078577760013e+01
2.781565270298644066e+01
6.327067460849107050e+01
1.955213472911419004e+01
7.487742389894150108e+01
3.977193996750214211e+01
1.336744814732571562e+01
2.365308411843235703e+01
1.930887235214461484e+01
1.890859694218900700e+01
1.616980517288201469e+01
2.655831109146579294e+01
1.912816350416627387e+01
2.465842109664997039e+01
5.190933778457789316e+01
1.525490633974344412e+01
2.779996098537940696e+01
1.125825501724800688e+02
3.216605407241883086e+01
2.274004611309640822e+01
2.501690805402483875e+01
2.586392009685670956e+01
1.884527079069000877e+02
9.085544872277691297e+01
8.097535915260483819e+01
2.592415326751126159e+01
4.389106439063575493e+01
2.779792516229498389e+01
5.349226140362947746e+01
5.415195355251567122e+01
9.747529242274465489e+00
1.610820589583494566e+01
4.886195557577021731e+01
8.954870888974141963e+00
3.032959971971536817e+01
1.240677348957729436e+02
2.132656322529621917e+01
2.055154230512407594e+02
8.862636818023444718e+00
2.925159469884982144e+01
9.235242802307675802e+00
9.034179115953815398e+00
8.000636764844676918e+01
2.175291617952568757e+01
5.622710101456183907e+01
1.717286298460685146e+00
3.166983565523733546e+01
5.260559778026282629e+01
2.890763508742883658e+01
1.619207451091058303e+01
4.321068977949876455e+01
7.200801281427146705e+00
2.373252008777453170e+01
8.539806675172190609e+00
6.790894913185408654e+01
5.577931627346044507e+01
5.374735774060902571e+01
1.695988467073550865e+01
4.345027049520413698e+01
1.782315562800251030e+01
6.529113438650516343e+01
1.671526863564564636e+01
2.309127777872859966e+01
1.397516720387288025e+01
8.057273218090838895e+01
6.029705256697095450e+01
3.997159118175235193e+01
5.327905612760938681e+01
7.272421016522773840e+00
2.578883796737100909e+01
4.268578455881718270e+01
2.791542830807422604e+01
2.705630178387956164e+01
8.077663252448701314e+00
8.318604744187798872e+01
1.546578943477491386e+01
1.047068866802934650e+02
1.990259894204496760e+01
4.056958174288444496e+01
2.950672416548573196e+01
2.856506727708529070e+01
3.254713284290306774e+01
8.179165264594658424e+00
3.032564512745755181e+01
7.089707379754507599e+01
1.937000326147038365e+01
6.643742106000000547e+01
2.122385052068796796e+01
1.782122490309998142e+01
2.781565270298644066e+01
8.890342507100950797e+01
1.064473251366589324e+01
8.363071649941035446e+01
3.799381702055042354e+01
6.859799606843591846e+01
1.746835550861467823e+01
2.886765495166774187e+01
1.763887219848818688e+01
1.217578385306010489e+02
6.763108055172334332e+01
1.317271700652765389e+02
1.196987331030266155e+01
2.117783505766266572e+01
3.440692689944888372e+01
2.097431038101818146e+01
1.051773345021728190e+01
2.333966416916191733e+01
2.392752518997430400e+01
3.406072089260443647e+01
6.229965232529891495e+01
2.652588043688538377e+01
1.700314465739794656e+01
5.403072506332163272e+01
1.430760473791342946e+01
1.803069213836266727e+01
4.266597847222367079e+01
4.852293132472616577e+01
9.304546003816161814e+00
4.553548315129597768e+01
1.053757708420784667e+01
3.309308356568222109e+01
2.362163221191746487e+01
2.982573283724611812e+01
4.937412232953624169e+01
2.934081167389394551e+01
1.250647720937506762e+02
5.045734317426992988e+01
1.114875169880425574e+02
3.764127877856731175e+01
5.938021249850903871e+01
9.753933826320738376e+01
3.719824918884801690e+01
1.035480269617562499e+02
3.165034291002288924e+01
4.313798843192880383e+01
2.421720878458147297e+01
1.689166498869091981e+01
6.365684752236625599e+01
1.911708246022596569e+01
1.853119747335326650e+01
1.221535193469956937e+01
1.703114222986441462e+01
5.726929245524863887e+01
7.953658999654750872e+00
2.749202313668903486e+01
9.045975520344800458e+00
3.958323074471586978e+01
3.886667562093538919e+01
5.628434501933784162e+01
1.909710538182710593e+01
2.783654969366934750e+01
2.188969238803188233e+01
4.495819468917368056e+01
2.337640476610790685e+01
9.417724813670461970e+01
1.912056840583092310e+01
2.459892890673419075e+01
4.206655667569154389e+01
9.360764163325194431e+01
8.530529723128221775e+00
4.428001372769813315e+01
4.481176277530061469e+01
8.798748270177535247e+00
3.188469088727552503e+01
2.953002172589102869e+01
3.131688321975465428e+01
2.245012895694872768e+01
2.251960865171916382e+01
3.949272825945187293e+01
3.003361428947005152e+01
5.460339929178323359e+01
1.437532076069370213e+01
1.371072364757143305e+02
1.063477192996110574e+02
2.056432667409846005e+01
2.056644690374855600e+01
2.441429429891269720e+01
2.358478798562359557e+01
1.605991392707745291e+01
3.551963442738282595e+01
3.282686190678219162e+01
1.596389454354646809e+01
2.255537319584352218e+01
4.885869369458968237e+01
5.093822966580631828e+01
3.471792244599414090e+01
1.386944704086301350e+01
9.941604035497196179e+00
5.526457288078342600e+01
5.624750540951757216e+01
5.299935108107098358e+01
2.053700039158355537e+02
2.333966416916191733e+01
9.432283750878953654e+00
1.964025781026483486e+01
1.261995000641698006e+01
1.055395975222139668e+02
4.999444798441236770e+01
2.164931434672459076e+01
2.887350695229202557e+01
3.075457138569975868e+01
1.129574658529244324e+01
2.773336432071561219e+01
1.775117565658122487e+01
3.273773238951763886e+01
5.746427115007539044e+01
1.330263767373330381e+02
7.641742939398808687e+01
4.967652577629876731e+01
3.679627153298370956e+01
5.559279575808248808e+01
2.949780403313145882e+01
1.312141934924843056e+01
2.854609570602281465e+01
4.809436869250215096e+01
6.122809181105480292e+01
1.496578584734360895e+01
8.134669683285447661e+01
1.613396669278323614e+01
3.384917953664980672e+01
1.560690716707709136e+01
1.632746658832033759e+01
4.975354955540417023e+01
2.465065062409906460e+01
9.126980145908979125e+01
2.111925317568813654e+01
6.126219903429672797e+01
1.822259313710231368e+02
3.133864776237763650e+01
3.929591539965678493e+01
9.512586882181692260e+01
1.370494103992609602e+01
5.568831373112190164e+01
2.106066909276596277e+01
2.797732777447237140e+01
5.363385458905123926e+01
2.530013146527094392e+01
4.448066659893298436e+01
2.668964697472346259e+01
2.628489129244227840e+01
1.204824439448383266e+01
3.089656415214228247e+01
4.578644065250373529e+01
5.225399834251354747e+01
2.553646845986558844e+01
4.280991922817047879e+01
3.339962674725753544e+01
8.178654439023025802e+00
6.864825124931962819e+01
1.685302631063576584e+01
7.020678228573314072e+01
1.018952349038886922e+02
2.326610473811884816e+01
5.693012074125164190e+01
9.485895158108096581e+00
2.252707395449067818e+01
1.946406640149966449e+01
1.872316099372649845e+01
4.689959534992549095e+01
5.185557569155952962e+01
4.590319676395715476e+01
6.819174723235860824e+01
6.148744829362264852e+01
4.155317081266836965e+01
7.905538023292368166e+01
2.190821620603807673e+01
2.301142794288336901e+01
3.872553856060435606e+01
2.652588043688538377e+01
1.803421663481973525e+01
6.440183518393705242e+01
5.617558695965596627e+01
1.108921948742328034e+01
2.291667950321904712e+01
7.982950247764869722e+00
3.395350912681708166e+01
7.134020435086438283e+01
2.061250059146712843e+01
9.355157773055381654e+01
4.429400533984919264e+01
2.111604236168563986e+01
2.004262851739487417e+01
1.710210748575057593e+01
1.194923867736115852e+01
8.530529723128221775e+00
2.189465054482650785e+01
1.569134398218438875e+01
2.033827303584560653e+01
3.603055252499910210e+01
2.518155986016497749e+01
1.633484855320745410e+01
2.722582531392068361e+01
6.417587172431886700e+01
2.984965919734140627e+01
3.195689310083423962e+01
4.184861114017256511e+01
4.968151174504293976e+01
3.816450134670312622e+01
2.046529164146596358e+01
5.254384602471742483e+01
5.818077749038718594e+01
4.813991112124095473e+00
2.004868013350716893e+01
8.234764434180310388e+01
1.492836809943614469e+02
7.893950460033966010e+01
9.220311851786075863e+01
1.105448131965139709e+02
3.807639081511651113e+01
3.969711213204289635e+01
3.946955716419836335e+01
2.667158941791722171e+01
1.023342586251128061e+01
5.946515995041056613e+01
2.614387381293878931e+01
2.136729197129777091e+01
1.642222532506590937e+01
1.169182885821128792e+02
4.109157018613294809e+01
2.473895089766006450e+01
8.179971015687900149e+01
3.754066474777239648e+01
1.479370531642579500e+01
3.258109290672305747e+01
5.322043068200900784e+00
3.672844610946638255e+01
1.762591988093135953e+01
7.399675788366909046e+01
2.291944323567302533e+01
5.285708066220151125e+01
4.217883668160613553e+01
2.216747246360302981e+01
3.693601036645162594e+01
3.176300285728263972e+01
3.143758464490379723e+01
9.474443384662645684e+00
8.000636764844676918e+01
3.765713088230729966e+01
1.814394708617505714e+01
5.950341337707461520e+01
7.064744306678707630e+01
4.904617101572220861e+01
1.729416323237827768e+01
8.539806675172190609e+00
4.021677547239178097e+01
2.648563857041269287e+01
2.531236128080826475e+01
1.364008359678256532e+01
1.772291613276760813e+01
5.699315763587646444e+01
3.379952582685522344e+01
1.973299972581481398e+01
1.458640997608302392e+01
1.748272486439753948e+01
6.992385823014801360e+01
2.156479096935331086e+01
2.987413942933738653e+01
1.255494465223456935e+01
8.178892527359509756e+01
3.538334556716117163e+01
1.308316986740256880e+02
6.538716443786640298e+01
4.055030936267731079e+01
1.860506896168911695e+01
2.961571858487581821e+01
1.034699684121840413e+01
2.767388853020625561e+01
1.232034542177016156e+01
5.128699000232507643e+01
5.972615802569698218e+01
1.047357079913725073e+02
5.671602171220423116e+01
2.752644073531821434e+01
2.219282944649259903e+01
6.376940595678157564e+01
2.079481065310190502e+01
4.544989031131741086e+01
8.284795689100499771e+01
1.391800211584664737e+02
2.550118999910244710e+00
6.861061701568100091e+01
2.491011093914732655e+01
1.155656842639882314e+02
2.341314923888155874e+01
6.494998552750604226e+00
5.445661384179251741e+01
1.532150972521918320e+01
1.637723364078112809e+02
1.834528162641190008e+01
4.686378198647427773e+00
2.609816017133873345e+01
1.547112933138797963e+01
2.587255870346729836e+01
4.800864143143692075e+01
2.347735972642353275e+01
5.089623897790779239e+01
2.332235379314880674e+01
1.999215307583323664e+01
1.657493314232766224e+01
4.563306520281489753e+01
1.999888515774790321e+01
1.534574486636066126e+01
7.064460047810071863e+00
1.633334982877348907e+01
1.312141934924843056e+01
1.548921334327597421e+01
1.704221569389395086e+01
3.128734202423538591e+01
1.595382003953303141e+01
4.899767179960992536e+01
6.206490683055999114e+01
4.034373938364152146e+00
9.555768278132731552e+00
5.127819729380316005e+01
4.031083835567336138e+01
3.269939416397399157e+01
4.413458457463603679e+01
4.666881678955034829e+01
3.040809186958040655e+01
1.787729692746600918e+01
3.496413941322317953e+01
1.764723609844535801e+01
2.588356144150265337e+01
2.737755092346613495e+01
4.683438527183075450e+01
2.652911170272327013e+01
1.366000769496032596e+01
2.297418924088957226e+01
1.232082222440588026e+01
1.495099282995815315e+02
2.019578912101184542e+01
9.657503103207826456e+00
6.520356464340589753e+01
1.817404860234490371e+01
7.414055154856121987e+01
8.237062150798530880e+00
2.865124670952656771e+01
2.192829938147837154e+01
7.733599492146008458e+01
5.725877303053040990e+00
8.591499497338348945e+00
6.612388973738093512e+01
2.441759756880652432e+01
2.138829917996235253e+01
4.904587560351209419e+01
4.371530701310987155e+01
1.396535780948318539e+01
7.390236893822209652e+01
4.845072770621828795e+01
2.723833124986206400e+01
2.295305251796563084e+01
6.853505174205743344e+01
6.813210806049852408e+01
4.027973905261130483e+01
6.145124164156418090e+01
5.205941760986181777e+01
1.833282181658848060e+02
3.471236901570561173e+01
2.519252896004789477e+01
1.727860960438145455e+01
5.737309075219946664e+01
6.699180694956100979e+01
5.018723080699198391e+01
2.027370896780271181e+01
2.551172522975838852e+00
5.959537545517211043e+01
2.712858478223680869e+00
5.375009469992023270e+01
4.282834744981515485e+01
5.747667788536475086e+01
3.173139087377695589e+01
1.523151467379686075e+01
2.757526793510648488e+01
1.807102657315426697e+01
4.091529369642997693e+01
2.054212105474842787e+01
1.710212650901742037e+01
3.857559712527978490e+01
2.197608207879308040e+01
9.272016365498668478e+00
3.344608804892699538e+01
1.969790889827217484e+01
6.613025803416759629e+01
5.284784824153136640e+01
1.608868636121158602e+01
2.943349657440702316e+01
4.369309140231401045e+01
4.839992162388799102e+01
9.335422311988790511e+01
1.377862602142995918e+01
2.753284083143398320e+01
1.185294232410613624e+01
1.012261450923085704e+01
5.471935450540218682e+01
8.761237132230196067e+00
9.713832348748169920e+01
2.545083700261507875e+00
6.065739825145092112e+01
3.884588979595688585e+01
9.995285306313434148e+01
6.066653271529248315e+01
3.567702728015991909e+01
2.186461343906652388e+01
2.960568898945290073e+01
3.026064630168699310e+01
2.054725229055238245e+01
1.547142412183244531e+01
9.539670727160189045e+00
3.299144171358894795e+01
2.992025672324571062e+01
1.610010936013420135e+01
1.720202790325854636e+01
2.654046484527012240e+01
6.107817284278563363e+01
4.398248445763969272e+01
2.061411411977238828e+01
9.364207649073482287e+01
4.697504453943364666e+01
1.248155590287197469e+01
4.534867937841863039e+01
4.769829983857958666e+01
6.182656278448807718e+00
3.194817906772749438e+01
9.409582951204857437e+00
6.342455838551496861e+00
2.071006154021549861e+01
7.768730467064955292e+01
9.380312059264172220e+00
4.566068188113474946e+01
2.079099959873711256e+01
9.927474062411725697e+01
8.397836303960995963e+01
4.029915490710178716e+01
1.307393858202877901e+01
1.567163251168745752e+01
1.066736496106969057e+01
5.307037097804853687e+01
3.048330898296170233e+01
3.435955408033885305e+01
4.832542648420584896e+01
1.864048544155782849e+01
1.888194432746412232e+01
2.246449365690821409e+01
1.357859872637671472e+01
1.237614053691921079e+01
3.730924738647336625e+01
2.103097123392529397e+02
7.985934148991462678e+01
9.503576745941478165e+00
4.024385106589059546e+01
1.153402907603105945e+02
7.216016220047029606e+01
6.186685045712295050e+01
9.575359926977859004e+01
2.487446248328360454e+01
5.680829834770208464e+01
2.310065818335731791e+01
1.184860821763032561e+02
2.127426751373631575e+01
2.870754283281895169e+01
7.896106373479889839e+01
8.998748592078739250e+01
9.373857132272089387e+00
2.556198212191786112e+01
2.550495418286584481e+01
3.100791420447185587e+01
3.950075390465485015e+01
1.992353056982288990e+02
2.533712132590868649e+01
2.364302912563238479e+01
1.731377079168832722e+01
2.479258478774146113e+01
2.463318014097151831e+01
4.311445100173045830e+01
1.538717738041668426e+01
1.016759628537152338e+01
1.885416411261264003e+01
2.144022094789516331e+01
2.097915624236376075e+01
5.516067288549499636e+01
7.847966680186110011e+01
3.898413839948325688e+01
2.896735994327672614e+01
6.830635647681678790e+01
2.662643003410062548e+01
2.440375715591602201e+01
9.062543173657335416e+00
5.227315536110699412e+01
5.981178630333801927e+00
1.734347946389525319e+01
2.568775214288531572e+01
2.497282180717581213e+01
3.927639504484153576e+01
3.906202071511227558e+01
3.398653103147970000e+01
1.245709510138820519e+01
1.182607827052486158e+02
1.379613903069519587e+01
4.230290145116952516e+01
2.358943894755247683e+01
2.580676064186598140e+01
6.193515952581419981e+01
2.144223704172421918e+01
4.783422459047754671e+01
3.266760098635719345e+01
1.051652317137423580e+02
6.306563389404501407e+01
4.528647499569304813e+01
3.206962031612884090e+01
3.654796900659883363e+01
2.434339209358215328e+01
4.048803418716381231e+01
1.068689024830273127e+02
4.629549609577237135e+01
2.601200705319502759e+01
1.610124881463957536e+01
6.140611553816012957e+01
1.581182201459818337e+01
1.949797350144511299e+01
2.436560956217494578e+01
1.488704638767466548e+01
2.904413992417637758e+01
1.452559690353067197e+02
2.360482197928850923e+01
2.666944126132920090e+01
1.409056759477722309e+01
3.423069269559597672e+01
5.221096975504453042e+01
1.966032523313137403e+01
1.460628773064140340e+01
1.386043031637370326e+01
3.546878533050007576e+01
2.381806970701581960e+01
7.990089156154847672e+01
2.443419971378286704e+01
1.709271539598094591e+01
4.919517627043634178e+01
7.584266149742872187e+01
1.677595444169246264e+01
1.247530775629137345e+01
1.674080383913131982e+02
1.814278497802805035e+01
4.292385376362439331e+01
3.366011483416032490e+01
4.411914894777412854e+01
1.257188799871598306e+01
5.617558695965596627e+01
3.033879908303779871e+01
8.817501166667272017e+00
1.207178105443401073e+01
3.863801911309993642e+01
2.683489095392569652e+02
3.268899649774527916e+01
3.744744374670808895e+01
5.436687106386957424e+01
3.108567046933132616e+01
6.345581971523582610e+01
1.979950610025486313e+01
4.433036723294219428e+01
1.130570451356059181e+02
3.123455885217270023e+01
5.521133003735212696e+01
1.512780890665331235e+01
3.997159118175235193e+01
1.111460445722403136e+02
1.210728185067729754e+02
6.135857743513709295e+01
4.960873874366787106e+01
1.372960244127760809e+01
6.058260002428687585e+01
2.045103532647855005e+01
3.492623825880676947e+01
1.986090408568834675e+02
2.436600285917251085e+01
8.508508002078182031e+00
6.530683079443508632e+01
1.181353885922859526e+01
4.938525295170341423e+01
9.283580914519788507e+00
2.110512904760402719e+01
2.129378840327363065e+01
6.243589346952239794e+01
7.430370945267826244e+01
1.225024659931026747e+02
4.551936246342661008e+01
3.763663471920420989e+01
2.685825539521248828e+01
1.453066169338988445e+01
1.644394828382360174e+01
2.356539467863805370e+01
1.865945862829165378e+02
9.371116899779663001e+00
1.172183524549570279e+02
2.368811966893042609e+01
3.009803906053661748e+01
6.457034365669464648e+00
6.270563599807106669e+01
6.867727249459741223e+00
3.718707566257526054e+01
3.592797828759422885e+01
4.462129363705793850e+01
1.359436740449770653e+01
7.979456971168050927e+01
3.203090670079090785e+01
6.595971442575887522e+01
1.680463989915305234e+01
2.219147611259200303e+01
1.936615071729776005e+01
1.000772957384029098e+02
7.179499333153765406e+01
3.652709665646678872e+01
1.403027365183949655e+02
4.478307138995486980e+01
8.093137699674829832e+01
5.541346721316634216e+01
2.365778798745305949e+02
6.763478661475993192e+01
1.820443440983402539e+01
8.125165165693620395e+01
2.217274152802917442e+01
5.394112498304706804e+01
5.365820564317025543e+01
7.631978218929006630e+00
3.480633462927733035e+01
5.975309964240653748e+00
1.137226497274033079e+02
1.856373516468095985e+01
2.535121500021896779e+01
9.619283270996442070e+01
3.694835671429822277e+00
2.899524215724400378e+01
1.640935689111811513e+01
4.403777613876280128e+01
1.447233339383750490e+02
8.197969217151143084e+01
4.186834358535825373e+01
2.509193756634955008e+01
4.783413187498820918e+01
1.582994505816424713e+01
3.098212718325194359e+01
6.142643962933031077e+01
3.823117090641123639e+01
2.482046484037771705e+01
2.607964459849196714e+01
4.069369163524578425e+01
2.812975286414895848e+01
5.718308327154442594e+01
3.959311317278972808e+01
5.755328100716896955e+01
5.938747642883182465e+01
4.920166847356821194e+01
4.565729194158134874e+01
9.354267493343581918e+01
2.183880925433182441e+01
2.362284129897647489e+01
6.648177666008340481e+00
3.769879694532041725e+01
8.646096002920658918e+01
7.855160084719378233e+01
2.709627888893285430e+01
1.083967347803039338e+01
3.522613097155154094e+01
2.828749575528834725e+01
9.676009598576166937e+00
7.089707379754507599e+01
2.142906351791503994e+01
5.365015291553546462e+01
2.612220352763503328e+01
1.625375471395948779e+01
2.327295234332717087e+02
1.391221511198281746e+01
1.424831673278985988e+02
3.850414831646078540e+01
1.531937005789390405e+01
2.838143617708575306e+01
5.373226809116015090e+01
1.202786592261503529e+01
5.379966282594804738e+01
5.972615802569698218e+01
2.344572770152163699e+01
2.141570769524565776e+01
5.866568884187407917e+01
1.896324924600815365e+01
2.029511135647318909e+01
5.452872573880070917e+01
2.789983211389212769e+01
3.100084134568416161e+01
1.423026624333819967e+01
1.353288650763951573e+01
1.033793072712519567e+01
3.430676556767539864e+01
1.047026076817882796e+02
1.155959829616968904e+01
4.805868087389958276e+01
5.309121655811745910e+01
4.576068366506500951e+01
5.550437715000953176e+00
1.649769635712529947e+01
2.430496979761113252e+01
1.399088495078841277e+02
4.648601559967971042e+01
4.908648281851473172e+01
2.032794468138349941e+01
3.011226809173303565e+01
9.612717071416293280e+00
9.576529215109837878e+01
7.530854199355404432e+01
9.519703533566037379e+00
1.232101029098016340e+02
3.957757856840598976e+01
9.233013477557955184e+01
9.228001535214442441e+00
4.569440874773311378e+01
2.353877265259839291e+01
8.743139510740186893e+01
4.299606473692204389e+01
1.969513687500521115e+01
8.370539597432394174e+00
4.230549518173063461e+01
4.986197083085576764e+01
1.649427479001878893e+01
2.908404622995151456e+01
3.577212256659974798e+01
3.700573252211007258e+01
4.503845730201948072e+01
6.561578949803711680e+01
4.665874029399215317e+01
1.821343533411306481e+01
1.204326844040361699e+01
7.251584026420499640e+01
1.189330761531529745e+01
3.066358106980542431e+01
2.228485795413677906e+01
1.012865296622078972e+02
5.047633376922608051e+00
7.589681395719846080e+01
2.518405548228441759e+01
3.072093998100760714e+01
2.943663525814109150e+01
3.482193274293054941e+01
3.457858940373215262e+01
1.673041485039194924e+02
7.070306070041861624e+00
1.888503810938735228e+01
6.954406674494815377e+01
2.881531680927287198e+01
2.082006289420834833e+01
2.674734079669758202e+01
1.671526863564564636e+01
5.133979154728730521e+01
3.013440258322613730e+01
1.964568491296906316e+01
2.237529755057323300e+01
5.737618766414461646e+01
3.680491720794238120e+01
2.206428827556529626e+01
1.415435343771385419e+02
2.655150973925759672e+01
7.972857123415844072e+00
1.799265175998283155e+02
2.327685395839598215e+01
1.612269572771426596e+01
1.238875444463543545e+02
1.398842356716802549e+01
1.810364921349792411e+01
6.750177153616850489e+01
1.597990280555729896e+02
3.008650802977436456e+01
9.463688368677705398e+01
1.151516769026781084e+01
2.248631206608826361e+01
2.079693372683131258e+01
4.597520720965430741e+01
5.367127745416713225e+01
4.565476704189922685e+00
2.312517790178115717e+01
1.162351022984502080e+01
1.437450253349843088e+01
2.963922113131516056e+01
3.727008910293809318e+00
2.402873747373258340e+01
2.965385922432441035e+01
2.016776871241558666e+01
1.089825670871489791e+02
6.147565536093953398e+01
2.268855196587512069e+02
4.936145270036318067e+01
1.930728122984779915e+01
3.386279973592771597e+01
2.633202953171342742e+01
5.702630500471715891e+01
2.528503357899155546e+01
3.731210202706706980e+01
1.854871108996016460e+01
3.003125869234360934e+01
1.307325358282554646e+02
3.460305936105529412e+01
9.330336970327633139e+01
1.737164985285803098e+01
8.151305942125276260e+01
1.612721307221743672e+01
1.166782793650776711e+02
2.954702448549548066e+01
1.729590439978784744e+01
8.414186095981470714e+01
4.726289791375672422e+01
3.116119902231444883e+01
1.626976483778459581e+01
3.794946814386742062e+01
3.091273464376493862e+01
4.286852580686853287e+01
5.747578193998787555e+01
2.750315462407025535e+01
4.334358429736575147e+01
1.122390802278796542e+02
7.952769188767236130e+01
7.569758635032691529e+01
6.029640097679964583e+01
3.870013494990458724e+01
1.834820733914024871e+01
3.735093631852060980e+01
2.616027725627157707e+01
7.258714688495227563e+01
2.789693858438509366e+01
1.398773391644115272e+01
1.438193497204510862e+01
1.724937728636962575e+01
1.284547642576157855e+01
5.794739064793154704e+00
4.875645289451042430e+01
2.888691583675882413e+01
2.335589069657830308e+01
2.392417917275582084e+01
1.298804151099383120e+01
1.365303526522814614e+01
8.301231978400323896e+00
1.795922291982826380e+01
1.169597895496796447e+01
2.143995861266504832e+01
4.351175129392885310e+01
2.843599485265216487e+01
2.552142405746193532e+01
3.606137726629397378e+01
4.295317058646897834e+01
6.596677650315964314e+00
2.146176913417365739e+01
1.611108145447774032e+00
6.345966042942338703e+01
5.031227047527342222e+01
3.426427655348103229e+01
1.613036206463571176e+01
1.765268324095283248e+01
1.346446137922227848e+01
1.787308650868656201e+01
7.903218426532622232e+01
2.578933848278880347e+01
2.586074467329171256e+01
1.576301677773648713e+01
7.672502232457594573e+01
2.269135154055770442e+01
6.711034392254096304e+01
4.760202554563490907e+01
5.657002232682268783e+01
2.933829707132118259e+01
2.332370467569446078e+02
6.860478690233406951e+01
6.681601137299765014e+01
3.333808692873287782e+01
1.476640446473370538e+01
1.958598069898287974e+01
3.150434000894455622e+01
2.762430044927359063e+01
4.255266498881874071e+01
2.027589261278414057e+01
4.020215656141623839e+01
4.168996198918701168e+01
1.523813997342013948e+01
2.132264764640036958e+01
6.673028799044446657e+01
5.172383231476334942e+01
2.175296439163906825e+01
2.490818679656255341e+01
4.599017914729564893e+01
6.886149466054695267e+01
1.827836669958876570e+01
5.953425751880043748e+01
2.681458660171285402e+01
1.804770283877994430e+01
1.636998050811725136e+01
9.806848953543990888e+01
4.141829634851406894e+01
4.325137234448949819e+00
3.044236335660879433e+01
2.881016967308326571e+01
1.590404579674518004e+01
1.572002294341957622e+02
2.039515041050865705e+02
1.470721374577151153e+01
3.073972843909825059e+01
7.177088097474073436e+01
2.222060664117821460e+01
5.927342883535921914e+01
9.137169597449533853e+01
3.874679502343229842e+01
6.887392628320429822e+01
6.037552408565896656e+01
9.915903422684307245e+00
1.177298342415045056e+02
1.612886495917108221e+01
2.688019533118982807e+01
3.350635277227031850e+01
6.405202195502342022e+01
3.192273855861942522e+01
1.382908767480810042e+01
1.148510198225599765e+01
8.005076382677980007e+01
1.226726456632718367e+02
5.092563818246536478e+00
1.570722979273012676e+01
3.579314982014359003e+01
2.054567729606441873e+01
5.812773946803839209e+01
2.399874263690714926e+01
9.008505247632427881e+01
4.072357014390949104e+01
6.851331109120645912e+00
2.445111760247059962e+01
1.152630855391517350e+01
3.389734053884265563e+01
1.342557150920339950e+02
4.492448410920876256e+01
1.606266705781802173e+01
1.674080383913131982e+02
2.895685839093271596e+01
8.276654950461988847e+01
1.754626502215871753e+01
1.903343025685117951e+01
3.511427855491580630e+01
2.059459937305668475e+01
2.165619225651262170e+01
7.087336712541544159e+01
9.486740596230428935e+01
1.404646115820211705e+01
1.275599611010352845e+02
7.942955765749337615e+01
5.362142991631322531e+01
2.728350528316979151e+01
7.381887312097535414e+01
3.012043798937456174e+01
7.953658999654750872e+00
2.611143319449084998e+01
3.101912735202095206e+01
3.451585687732076480e+01
2.930915700273327928e+01
1.005322139365191845e+02
6.391414251401722169e+01
2.704174419976502008e+01
8.669581598253461863e+00
1.846464253674768585e+01
5.756229473260802365e+01
8.469131394868476548e+00
5.386964430959987737e+01
5.423124860244491430e+01
2.433058982808406867e+01
6.937067195528710783e+01
2.777685055965909910e+01
2.121870935167633121e+01
2.472487626283743722e+01
2.272056261884042883e+01
3.868419897038658917e+01
8.300769956660045068e+01
1.985449344887770451e+01
2.192397913234397677e+01
2.629280955408391662e+01
2.061693482070954175e+01
1.507760164524521507e+01
7.314269416801489676e+00
6.165400959623124777e+01
7.759388944748201844e+00
4.094238067369369105e+01
3.437472439657945955e+01
3.052776615705696273e+01
1.404223507357687595e+01
2.901605753475618599e+01
1.118804040554411117e+01
4.987215065144099668e+01
9.183515910842551477e+00
3.400244237229716759e+01
2.200580612924437673e+01
3.439590695262992170e+01
7.208842686552260659e+01
4.972192381328080302e+01
1.656181300543104271e+02
1.371022540145151503e+01
1.599184339911902519e+01
5.951092535140998052e+01
9.572720353072140753e+00
3.755916346162247521e+01
6.932821444081836759e+00
1.528670277450671122e+01
3.206582083383597137e+01
1.075040431781016004e+01
8.180658687674332796e+00
2.217033656481005011e+01
2.055607416788768305e+01
4.883688419395647884e+01
9.878581767687957438e+01
4.879286627105780205e+00
3.158102932145640551e+01
2.980870099166482490e+01
2.663544149685908380e+01
4.341786589878990554e+01
7.100314707360819000e+01
9.235251186952584845e+00
2.187441670445128139e+01
2.019199181805840837e+01
4.807050717740579415e+01
8.481689207261909758e+01
3.440749427215625644e+01
1.213433253517764143e+01
1.763162550619318836e+02
3.179939467564520328e+01
1.025031377380084585e+01
6.581908167981460167e+01
3.282686190678219162e+01
7.272421016522773840e+00
8.545485851795131538e+00
3.933584612709687178e+01
6.651727080554033478e+01
8.987500772322623277e+01
4.672232942037619097e+01
1.224401602625839658e+01
5.043608803835874710e+01
1.242159523638477303e+01
1.538230776740928434e+02
3.340890628842947052e+01
9.561003476203865148e+00
2.725192461843582237e+01
2.335273669146828368e+01
4.062035342062734600e+01
1.399458845813962604e+01
1.367854128752379950e+01
3.064278333841570756e+01
3.782680791747012705e+01
4.390473330200434532e+01
7.025626370128742337e+01
3.047662343105766425e+01
3.916695205170465499e+01
5.295758060135194967e+01
5.019546701969845515e+01
1.713458147795374131e+01
7.727353379502629238e+00
2.752269411245461228e+01
1.247527480398524169e+01
6.853505174205743344e+01
1.213827184910888768e+01
7.477470983204597132e+01
2.464390245388096545e+01
1.210060573920544513e+01
3.315998510057644211e+01
2.164350819491701117e+01
2.997230194753278809e+01
8.147295597072341522e+00
9.122646119362705974e+01
1.164819128591226338e+01
4.282820030830307445e+01
3.087637795235612614e+01
8.068850643962537816e+00
2.926311798956020382e+01
2.310178470448917309e+01
2.844463270467341331e+01
5.396923950261957970e+01
4.011992736715249919e+01
3.649999631288293500e+01
2.036652124037036060e+01
5.274572150479224675e+00
3.285142511194324300e+01
6.620170086717317304e+01
3.303825237974911744e+01
1.579651861958525387e+02
1.234487939963716130e+01
1.641007844317468667e+01
3.550284274319099609e+01
8.511047928210210500e+00
2.829782005342110551e+01
1.715141417521392242e+01
2.493707338606366264e+01
8.322306186450130383e+01
3.982451409636448147e+01
1.710021035770059328e+01
1.954938964970623161e+01
5.142804790666391312e+01
6.909314735262542229e+01
3.114804231721541328e+01
4.140577703289083900e+01
3.161535187293455706e+01
5.351508479511370808e+01
1.001990646484844483e+01
1.505501617929736291e+01
2.037904525897561570e+01
7.559891657952642952e+00
4.975354955540417023e+01
5.070975844289707624e+01
4.371420320301093909e+01
1.465215894832006072e+01
3.114170990022439511e+01
8.451054319798039671e+01
6.529264698766753305e+00
2.823959888277171970e+01
1.636013572833690688e+01
9.264192647113333123e+01
4.462316045724214320e+01
5.392328952908052031e+01
9.516080474311503679e+01
4.790842773591811721e+01
1.649440951998310112e+01
7.109847616583427055e+01
2.609116681782159830e+01
6.021567361645036698e+01
1.919132533567621834e+01
1.396264536497000393e+02
2.647786538178041837e+01
5.890888937270804604e+01
2.132264764640036958e+01
5.501571414088692791e+01
2.425197779892872418e+01
1.634123127965709443e+01
3.701425456704619421e+00
2.416873699882221516e+01
1.884284021129982989e+01
6.079451727093326951e+01
3.381312691632463441e+01
3.806005076131037157e+01
1.113278280144816392e+02
6.707092565715418786e+00
4.265985079695253290e+01
6.469153440051736936e+01
9.702053762252388935e+01
1.385135975492016946e+01
5.422335479378980949e+01
1.510614263200137941e+01
7.122249226013785517e+01
1.449423489875783133e+01
1.386522148851703662e+01
2.067465986280671686e+01
1.984609892783642238e+01
2.763852385316239690e+01
1.201053228189040425e+02
3.237178052395328365e+01
3.616094959077742743e+01
6.898572882044832433e+00
1.960138651691223899e+01
7.466254622222533044e+01
1.848076343430499691e+01
5.360809120484027801e+01
4.003176679785893555e+01
9.205287231649447222e+01
1.989947079577837030e+01
2.157551162952249513e+01
2.735451491596081297e+01
1.967306344108693139e+01
3.200093501264533558e+01
5.586194983280200432e+01
6.144387701711023908e+01
2.260142048814490678e+01
7.056178482997363233e+01
3.052247104766821906e+01
3.123032370584401818e+01
7.050804027082807401e+00
2.516845055462960090e+01
4.457631072828917240e+01
7.149953142668651118e+00
1.716575207601586044e+02
8.318844409312973198e+00
1.525490633974344412e+01
1.208628972246407152e+01
1.284547642576157855e+01
4.114395867394076589e+01
5.948156421643187741e+01
9.474149100023709025e+01
2.138380072143999300e+01
7.982086484702536566e+00
4.751575707802663118e+01
3.066829097617316080e+01
4.378798240378648643e+01
3.583629573654018685e+01
3.522127789214408011e+01
3.395824787138399614e+01
1.582682197512367139e+01
3.746250139692943293e+01
2.553147796093172772e+01
1.167297551171415648e+02
2.006814772071071573e+01
2.610238671192743354e+01
2.010805272359618243e+02
3.357825918243791108e+01
3.874344660406250540e+01
1.211970885653579266e+01
3.119882291680447040e+01
7.101943719501343821e+01
6.620489808716223479e+01
8.887492032053728508e+00
1.522176814304466852e+01
3.289036857193631391e+01
4.669873841244104540e+01
1.564657399465330343e+02
6.765046080098358061e+00
4.743305531622581128e+01
1.119739374704261259e+01
2.437670121247499466e+01
9.849464854747715492e+01
1.005729397380337353e+01
2.715998735328078695e+01
5.199818187691138860e+01
2.375807898454748468e+01
1.785114021647740756e+01
6.561679838678901433e+01
5.240753436092683160e+01
1.120411909011656633e+02
1.327832872959800703e+01
1.802519570125311432e+01
7.180202424389315752e+01
4.403508329962434686e+01
7.589172677065162986e+01
4.619813246017078257e+01
3.614572206360100637e+01
2.329796627620000393e+01
2.598709832799733377e+01
6.095350351103721920e+01
6.824229145212510161e+01
7.189810447156922635e+01
1.577956018895924828e+01
8.487241605973098046e+01
2.387029062195525242e+01
1.272440276040349971e+02
1.537695504117129133e+02
2.226430024406754526e+01
4.337581263806418974e+01
1.605780980937324642e+01
9.851558766683584167e+01
6.988215105781193870e+01
3.273626239379038338e+01
4.777093246604921717e+01
1.814394708617505714e+01
7.883545126380226087e+00
2.301576048707442723e+01
8.649097210421913928e+00
1.967928012313736374e+01
1.073999935529862881e+01
4.669873841244104540e+01
2.277371831051648243e+01
2.399116167543009936e+01
9.559966734767776586e+01
5.031227047527342222e+01
4.299582984182951861e+01
5.806059940047578749e+01
3.181768344439153751e+01
1.030596072665912999e+01
1.431617489651738317e+01
8.447221903392802744e+01
3.810206796958224373e+01
2.105168437615578014e+01
1.503727548123702107e+01
1.921883322957322093e+01
1.412908597948073108e+01
9.473207850302333810e+00
6.956047978807765730e+01
5.016207624293497425e+00
3.775040700573104857e+01
2.138423155014305266e+01
4.130380598972606521e+01
3.657081512812007418e+01
4.505741632869209212e+01
2.842675651924821878e+01
2.012109527809216445e+02
1.814957522648151667e+01
1.536644485638767321e+01
6.394725468844914928e+01
3.243843610934119681e+01
6.990003909518848957e+01
6.338675528808393267e+01
3.130883860862541823e+01
3.071998021795480582e+01
2.470955095786449363e+01
8.528728772058816787e+01
8.835883692337851869e+00
4.144880254623606675e+01
9.731785696608507408e+01
1.499708765578886300e+02
5.671602171220423116e+01
3.883246224960498694e+01
1.636071321819989777e+01
1.340908115908558962e+01
1.190078394336925527e+01
4.541178921700699078e+01
5.069246355056693432e+01
7.469450894079215253e+00
5.944608378145681371e+01
1.900817175066574904e+01
2.426751911636695880e+01
2.347600613919789225e+01
3.664544742877978223e+01
9.139017182018720575e+01
2.993941369868064228e+01
5.152900389726420372e+01
8.741420746504768857e+00
3.378150082115476494e+01
2.234532725615290971e+01
6.904467543909468930e+01
8.093278798731620327e+01
1.960561631347570355e+01
8.866282518922567135e+00
1.746317381444581684e+01
5.125731559126236192e+01
4.822890730682220095e+01
3.727942805598050313e+01
2.365091424900062478e+01
1.517856974033632156e+01
1.246272120154085883e+02
2.883928090101589348e+01
3.515354898697628983e+01
3.972251068922118122e+01
9.073812270355355736e+01
1.288621884182538402e+01
2.268734358787212457e+01
3.975886583523196549e+01
2.737532599893253504e+01
1.973876596799764371e+01
6.136075647782863030e+01
1.907019475459317093e+01
2.011270197869506404e+01
1.364124550115220913e+01
9.817543961735216840e+01
4.156819206301319269e+01
2.167985730525415988e+01
1.513922994448637382e+01
6.956911737532203155e+00
6.645160881965522570e+00
2.120768962105277211e+01
2.699837937344683425e+01
3.409605812963714300e+01
6.150303284118325564e+01
3.692523855548764544e+01
6.191156092717251624e+01
4.806449663583676646e+00
5.384691442308715992e+00
5.334395125439932173e+01
4.418972414837544704e+01
1.431097349390512008e+01
2.141057958423811414e+01
9.338012236755570683e+00
1.370494103992609602e+01
2.286045329830076867e+01
1.827786722782042617e+01
1.237681424535509080e+02
1.002432769369396226e+02
3.946011672713284213e+01
8.637593796753185416e+01
1.829673685337011335e+01
6.760849069712407733e+00
1.648466245566259758e+01
1.675695248109047242e+01
8.570705207044127860e+01
7.141203873532924717e+01
7.767871429191805532e+01
7.154752216293495337e+01
4.124844382212230443e+01
1.131327374618602448e+02
3.026102319343329228e+01
6.292369787331191233e+00
3.686200285746224381e+00
1.408525086692091008e+02
2.002522943873900019e+01
8.103404044285184682e+01
3.981605806197310216e+01
1.820452949632047179e+01
1.219958234448918866e+01
3.353651735896927022e+01
1.572336748487829716e+01
1.557874187804877977e+02
4.594561301793582686e+01
3.899062436873162341e+01
2.955630416462709675e+01
1.926106179786604855e+01
8.219344323078304626e+01
1.243832701544981845e+01
6.342285955816080190e+01
9.819044845110925124e+00
7.463767815447645226e+00
2.504995992581700293e+01
3.419981448288584858e+01
1.966729642151054591e+01
3.829150292622419727e+01
2.100038386527468148e+01
2.231286982694738441e+01
2.830918842841498062e+01
1.336353280150268752e+01
1.635927834919198887e+01
9.853237789208213826e+01
5.593516116355127821e+01
1.556703149301729283e+01
1.458992238843480571e+01
4.337000136732056177e+01
8.592049827640711612e+01
4.651440594416810015e+00
3.149586170668529661e+01
1.865964624129005500e+01
2.725834526720764472e+01
1.597680811962746361e+01
5.184323413763608102e+01
9.635047892403921566e+00
3.969711213204289635e+01
1.983862714717378140e+01
7.883545126380226087e+00
5.309475090089018323e+01
2.619887790743674572e+01
3.174076434384235412e+01
4.089364950774361773e+01
2.722275644530093075e+01
3.921004173884871591e+01
1.566694514831849894e+01
6.956454009821054107e+00
3.559875486827706936e+01
4.368978845227356089e+01
1.037311371521947478e+02
4.954322328092676031e+01
8.485114525395315965e+00
1.779622126629501011e+01
6.290707984527812613e+01
6.810574283342067758e+01
8.903150629967635510e+00
1.059108466929008330e+01
5.017947516054331913e+01
1.972440567342986384e+01
1.785558605239559071e+01
1.894559201502323376e+01
2.655309956191868181e+01
3.156340034802627414e+01
3.915632021720642797e+01
5.573741529457770838e+01
7.295539076403845513e+01
1.976640056358468200e+01
9.119506593599636801e+01
2.573882508993093055e+01
7.794556811151406350e+01
2.017211432536579352e+01
5.297333944760938884e+00
1.255450295247524650e+01
7.011354811601478332e+01
1.474105609343383883e+01
1.974853025592445022e+01
8.651041546967620377e+01
7.725608520659763556e+00
9.531198489089348413e+00
1.461501100742323622e+01
6.712540506567454202e+01
4.431930549330847668e+01
1.357365194383498874e+01
7.290540631490071632e+01
1.831911097108315545e+01
7.766916537593250780e+01
1.173180418850088280e+01
6.065136729315137387e+01
3.263969048080463153e+01
3.252761625141659607e+01
2.353652126739607553e+01
2.983908885830137692e+01
3.199126098683209563e+01
4.452813253642766256e+01
8.931068994276525785e+00
2.858374924767171166e+01
3.477133673880903331e+01
1.510161634941877118e+01
7.947676835431128239e+00
2.477352759281962236e+01
4.654537068589579718e+01
3.603245696707278967e+01
2.019571141914536483e+01
3.064684469755031770e+01
2.741813936177114996e+01
2.338977975148356236e+01
1.542248228671842547e+01
3.261122356551962298e+01
3.975886583523196549e+01
1.859131974737839599e+01
1.046219423278150984e+01
1.552935623069863702e+01
1.187235263087900137e+02
7.451595220761117844e+01
1.359672243302066796e+01
8.319089974159770406e+01
2.838143617708575306e+01
2.708551147828815431e+01
1.534760482765216771e+01
1.022975474631610950e+02
1.566089759057261972e+02
4.718961871109474515e+01
1.052240808097407054e+01
3.176083211482116031e+00
4.421738611382363615e+01
3.090165031443190813e+01
5.443490155632441230e+01
6.681485982494187681e+00
7.741091530495483930e+00
6.526575544395142003e+01
4.249926122876414070e+01
1.340040135141846456e+01
3.178247513305626271e+01
2.423823162083287741e+01
5.831649298222998823e+01
1.815050576737552745e+01
4.909944067030372850e+01
3.010646759545737794e+01
2.950349594371827067e+01
3.344608804892699538e+01
2.644939386382421631e+01
5.603688301807705585e+01
2.702322594832084146e+00
2.411218435063279841e+01
1.360056680056759681e+01
8.150422956535304309e+01
1.769695805685734413e+01
1.443765521652702510e+01
8.363071649941035446e+01
1.811510082648791098e+01
5.090336979315304688e+01
2.576489670418636990e+01
6.126704538101518693e+01
3.620456882878955440e+01
3.142595858012570176e+01
5.333560761286815222e+00
2.368306451671661605e+01
9.334111212598166674e+01
2.520182098991690722e+01
2.671078567762121025e+01
8.018236539718641609e+01
3.170195959009121367e+01
3.532775390705226926e+01
4.436000198386498283e+00
1.809865599162849890e+02
1.050721651357172171e+01
3.458426965346563975e+01
7.515995906329123066e+00
1.994985476434983696e+01
1.394083265542086281e+01
1.734379285141474369e+01
1.424962088805494602e+02
3.160843158752634441e+00
8.711171361508998245e+01
1.310298392665884748e+01
7.877775359619828777e+00
5.253473076881881809e+01
1.215521732712358549e+01
3.396033243986551042e+01
2.358826479624918093e+01
3.731649675148762668e+01
1.443195421763061148e+01
7.202812235106375738e+01
1.079477174780070357e+02
1.509351141195673307e+01
2.099058117219262698e+01
8.822490496417469785e+01
2.868082609536598326e+01
3.383713406822373315e+01
2.414201873881251004e+01
2.264636487633839224e+01
1.983818257548872310e+01
5.470245023934982953e+01
8.817937962222822890e+00
9.481527704585155902e+01
4.514389541813312690e+01
5.946515995041056613e+01
1.797782849597203025e+01
5.245676842805439577e+01
3.013332331881538195e+01
2.452523802238146899e+01
2.542948305948246812e+01
4.831733988379513534e+01
1.430059825741436264e+01
1.855122660138433943e+01
2.008452517640334278e+01
2.709627888893285430e+01
1.346743450930210173e+01
3.340201925237835923e+01
3.463086594231739213e+01
1.864937291115958118e+01
6.253840818093993903e+01
9.239511530850798238e+00
1.614197795878991570e+01
4.356108385051431497e+01
3.814639652814790338e+01
7.077833929600247487e+00
4.344373014008054668e+01
2.533165648925052693e+01
1.096278112500104385e+01
3.497897475517498123e+01
6.478225833775097442e+01
3.089401384480429869e+01
9.468974437848238779e+00
1.668770330176418071e+01
1.215453989229327725e+01
6.603938131234907871e+01
3.517566257083723968e+01
2.305412583692317696e+01
2.421896522537633700e+01
2.615042644257035676e+01
2.462691798278474664e+01
5.311200068572254018e+00
4.499515204393508583e+01
1.982494312269967196e+01
2.354967281974635895e+01
3.002391602239345403e+01
3.908310065099149710e+01
3.369951869538199674e+01
1.627425000676661071e+01
3.029997270654995489e+01
9.836059283639015405e+01
1.199501845360596697e+01
9.733230066579190876e+00
5.184929934674149621e+01
1.694276888339077303e+01
9.612337533901438746e+01
8.191012252333439392e+01
2.286243158442615453e+01
6.587008235589378558e+01
3.805065310923698974e+01
5.073150426407651281e+01
6.072380771814311373e+01
5.374735774060902571e+01
1.854716668213023212e+01
1.219860798433238216e+02
2.252381870694821231e+01
5.801194688029148061e+00
7.155390191066812733e+00
8.550836640479606388e+01
7.552076075787991272e+01
3.869321816382973367e+01
1.038661641887865272e+01
2.240359384677447707e+01
2.893295943485340516e+01
2.623267045128995889e+01
9.645948650767196852e+01
2.553325651542836283e+01
6.836229521189797254e+01
1.576301677773648713e+01
1.220647819611673128e+02
2.624986847299814841e+01
7.223169563868048648e+00
2.064629974929941625e+01
2.259588010871866359e+01
3.423167273863969484e+01
3.248170619790717240e+01
2.960724080600811092e+01
9.286458377915754170e+01
2.422711072962124490e+01
8.601718402314451950e+00
2.702005011854141614e+01
2.002865863209541999e+02
3.815563345132859752e+01
1.168852330157433883e+01
4.309566880273987977e+01
3.576279559625692883e+01
1.062569287046419575e+01
1.022292397908564254e+01
2.592967379944745332e+01
1.190492755900585742e+01
1.666807298882687505e+01
2.636195175893068665e+01
4.575167410626201558e+01
4.893511415516355711e+00
8.985874272453685307e+00
4.008835166090754143e+01
2.986107945310732248e+01
3.507439783521177645e+01
2.163379727975792477e+01
1.493669109390619951e+02
3.882271660813202629e+01
2.835651570066492866e+01
9.767080019638877175e+00
3.123496138974632785e+01
4.523494735722632498e+01
5.501107271852261782e+00
3.333505537708956012e+01
2.088861533949176419e+01
2.238611092174215855e+01
1.018952349038886922e+02
3.944921816291976313e+01
1.203715650695976649e+02
8.270371410386131572e+01
3.877135493373527453e+01
4.475015168003109522e+01
5.231066682009809909e+01
1.084280691393977634e+02
4.992833624384513058e+00
2.308170686718043285e+01
2.446283283194161413e+02
5.225788754831435057e+01
1.117089055731324443e+01
3.631174445306901788e+01
3.075561472116919504e+01
1.346951147224507217e+01
8.748532514885566513e+01
7.418180814747491070e+01
1.218560949816823502e+01
5.975309964240653748e+00
3.507439783521177645e+01
5.535105295350789589e+01
1.421398462858874723e+01
9.275445928963506503e+00
1.064951279647980442e+02
5.726929245524863887e+01
1.350175934501626962e+01
1.158632549798993416e+01
3.233470181517009934e+01
6.229999728176388629e+01
2.797125603637004332e+01
2.126610197844652816e+01
7.726737070181226841e+01
2.122914511262012738e+01
1.552233591083098396e+01
1.261385565406557987e+02
1.009952789331364897e+02
3.723164068005348781e+01
8.258856624161916216e+01
2.527585763294064591e+00
6.503339767679214845e+01
4.402153739316812420e+01
4.077446936773561248e+01
1.466747949370660464e+01
1.301604482392396278e+02
1.050916558721445000e+02
3.115210410180610978e+01
2.919997501393273609e+01
2.569542057896218523e+01
9.259966883612465338e+00
6.657522877283317264e+00
2.786897542861931498e+01
3.480633462927733035e+01
2.365616317629431364e+01
4.761413588007401643e+01
2.177698727570856718e+01
4.417497604701804192e+01
4.170135205279800772e+01
5.927165593892846829e+01
3.949278077266367859e+01
3.094270917849341274e+01
1.761559684950331928e+01
1.258469491966841680e+01
1.682588474690880886e+01
2.780054234819995074e+01
1.624537795241818472e+01
5.240753436092683160e+01
2.323469949432825032e+01
1.611375798016007010e+01
2.545438783124385651e+01
3.648019947928077045e+01
5.324030866441020748e+01
2.527673775540780809e+01
5.345499091396243330e+01
2.193213862078242826e+01
3.542663623837142950e+01
2.159101031074001398e+01
6.024690094994028300e+01
1.114875169880425574e+02
6.607578858142227674e+00
2.213881968415050849e+01
1.858815047536968379e+01
1.820634843183989915e+01
1.819492664364572931e+01
2.992025672324571062e+01
6.064078316024011173e+01
6.104660836765711451e+01
9.522962113221412395e+00
4.031976704508104348e+01
9.758955114531650210e+00
8.935900354165202231e+00
1.995665408513071526e+01
1.997216722368165165e+01
1.882264689367002930e+01
1.507760164524521507e+01
3.592680440462719105e+01
6.100598028701294595e+01
1.841527264312047762e+01
2.835735459224716237e+01
8.536403831558367017e+00
5.439811356344782212e+01
1.245825910432708028e+01
2.916057476006876570e+01
2.804023132147704018e+02
2.930966886675930638e+01
3.008232091604161695e+01
8.715430229896148262e+01
1.948927395667226037e+01
2.486130154888859423e+01
4.504260870373339287e+01
9.461215037167461261e+00
1.318498179473299672e+02
8.523565740916710354e+01
2.719440029995626062e+01
2.968729175261886866e+01
1.528670277450671122e+01
6.143519542810650336e+01
6.537376538413037785e+00
4.880259248957526097e+01
1.284804689223680896e+02
2.161142436445045334e+01
2.885136655791353277e+01
5.736778109929592517e+01
2.600831209229534480e+01
3.427818042828891976e+01
2.348096221098502312e+01
1.977768359279474097e+01
3.587141662030141021e+01
7.618412510031447482e+01
2.173374556980434136e+01
2.610453771281066437e+01
2.847969647000769911e+01
1.727860960438145455e+01
1.271878424884933878e+02
2.591630919133229938e+01
3.246268159846456314e+01
4.222207325411756784e+01
2.079481065310190502e+01
2.931848766889844882e+01
9.094312762742059419e+01
1.527577985202116473e+01
3.193822420884547952e+01
1.260000215568834960e+02
1.042654388083520622e+01
3.931832682374317045e+01
8.387706614445926689e+00
3.165016107739823781e+01
2.640729709468170654e+02
1.112027758050492388e+01
4.214966569457347134e+01
1.666352714575822063e+02
2.307623244827659192e+01
1.127263522514343208e+01
1.878170549106140541e+01
2.318960698716010072e+01
5.031206805535114768e+01
1.741453170608884449e+01
4.659123828372714371e+01
3.971102061786481840e+01
8.746401317458893487e+00
4.304780287292596874e+00
2.084061415691349950e+01
5.612866766115962136e+00
4.316877135677496113e+01
3.294767484684732040e+01
2.147539208901538288e+01
1.329814102190791232e+02
3.437366109665124014e+01
8.612839971573031050e+00
8.630732834352643934e+00
3.231146513880313620e+01
3.305865537189907144e+01
1.999981357271527926e+00
1.694572694785441058e+01
2.335122736356433393e+01
1.292243611755913157e+01
3.115407932229176424e+01
8.721555074934322249e+00
2.062510948651136644e+01
6.440562024318930412e+01
9.695078876357364095e+01
5.570483044836093001e+01
1.221170605625322167e+02
2.302947520277313487e+01
1.343966621952291440e+01
9.414961618243955854e+01
4.039254558883911272e+01
1.013394280741289855e+01
1.216878761631277861e+01
3.947309964840410856e+01
1.682847623675048609e+01
2.594384763150532791e+01
2.052431153523246365e+01
1.994194177501954002e+01
1.393702147477278253e+01
2.868724759083383802e+01
3.008128870821219536e+01
7.826633936585319695e+00
7.471233674330686370e+01
1.685437837835355879e+01
2.165619225651262170e+01
2.756371593958272825e+01
6.983140283863950515e+01
5.843808238272172417e+01
1.604780284153500602e+01
6.520356464340589753e+01
2.792846960395867129e+01
6.144387701711023908e+01
6.655975717972609118e+01
4.369309140231401045e+01
4.625774682343364930e+01
1.642199813051050228e+01
3.389571110385938368e+01
2.881862643918013234e+01
8.548933719085023597e+01
2.456430829293050522e+01
8.206752383243880899e+00
1.170690186822181822e+01
2.472014726585670275e+01
9.085544872277691297e+01
1.207221355681270758e+01
4.770561852209918641e+01
5.031151611252679601e+01
6.661876429290926183e+01
9.656070984421928927e+01
1.855435279059107145e+01
6.981050939313892911e+01
2.003575710796354770e+01
3.948897017332088666e+01
6.222601515593281363e+01
3.491102971703438129e+01
2.330749780405953331e+01
4.224300320941276965e+01
9.981537387804350203e+01
2.052762122080210005e+01
2.560680210006300683e+01
2.590876622000767071e+01
3.431311009179862026e+01
2.511468409200098861e+01
2.920928348366710736e+01
6.402548941209474265e+01
2.396231617609046083e+01
1.779226615247598531e+01
1.821440361191585211e+01
3.764553390763066432e+01
2.392353470733492316e+01
1.194466757254165934e+01
8.859527538107676037e+01
4.710394134817097900e+00
1.438713230013581210e+02
2.738381841516973125e+01
1.283259308410804245e+01
8.324599758820889761e+00
8.777282779666558454e+00
3.331895681553569943e+01
1.883682722887188987e+01
8.762831149787158935e+00
2.944013845218580627e+01
1.850142429880319384e+01
1.815936171048807068e+01
7.290826377585703710e+01
1.265280797430655291e+01
2.295737322532644953e+01
4.073959066903049120e+01
5.381613451030024464e+01
5.283031635588726971e+01
1.587085532456366543e+01
5.208539765954225231e+01
6.109570127382572480e+01
1.666154854390428852e+01
3.298675378651237367e+01
1.907354814286389555e+01
5.557955324411868503e+01
2.173499802612625587e+01
1.536127172049882184e+01
9.491353417487541577e+00
1.943900901684174798e+01
1.978000358686435689e+01
3.876174641849783598e+01
1.118482563852077902e+02
1.139837456036674546e+01
5.085504530786176502e+01
1.146759750894367791e+01
5.483748609464436186e+01
8.410897257750391987e+01
5.038228048311160023e+01
8.439873074559714894e+01
1.294935339462581148e+01
3.880468531374550878e+01
1.893242423838029964e+01
4.399716550100561108e+01
6.106742199908450175e+01
8.376817545350607475e+01
2.165207355111498089e+02
1.977413962099398503e+01
3.922503119330513499e+01
2.347266429113549435e+01
7.685448838836352081e+01
2.651687945497549137e+01
2.643062907219561453e+01
6.964715928641183496e+01
2.241787067862887284e+01
4.452915321554325345e+01
1.504767609441886833e+01
3.825246186737099663e+01
4.391640835837007373e+00
1.054867624761950218e+01
1.260123902520821417e+02
2.082298610132441397e+01
5.467268006541381453e+01
3.892255732446731997e+01
1.911354737304798590e+01
6.297254638290562312e+00
5.135235651810894097e+01
1.854229225331197028e+01
2.267995652745135260e+01
5.401961558820070763e+01
8.670591481590459182e+01
2.772774724531810620e+01
4.417446863793042411e+01
2.079481065310190502e+01
4.543659036859823175e+01
5.725511186184526480e+00
7.151828523756933897e+00
3.974622312638313559e+01
3.721931678815293054e+01
2.145281100555364162e+01
9.584474255343733873e+00
2.580926081298138897e+01
2.990997155983043143e+01
4.346350176940931220e+01
6.045899876254490124e+01
7.634303972003896988e+00
3.309308356568222109e+01
1.354920048018770444e+02
1.597741751112251940e+01
8.533037205639870137e+01
2.971820435508487179e+01
1.008953610925937916e+01
1.528670277450671122e+01
2.680731555620536710e+01
3.802030285169183088e+01
7.158469554414412528e+01
5.117379433613890427e+01
5.464884528058613000e+01
3.721621977837782680e+01
2.019578912101184542e+01
2.664034714394972880e+01
1.423843995926964965e+02
2.593788964509118244e+01
4.344722774649680730e+01
4.424282490557779113e+01
6.787280660284891098e+01
3.103986809351080467e+01
1.002823337184446828e+01
5.240544428626925111e+01
4.723267002588764996e+01
1.276667907261083634e+01
7.105885993117508015e+00
6.406480576902814050e+01
5.825364162324304829e+01
1.668342639342325739e+01
5.616487055933544070e+01
2.455486985383047127e+01
4.230290145116952516e+01
4.414597803005647592e+01
2.670676721701260092e+01
3.083260708486965385e+01
1.579967102681944624e+01
3.727008910293809318e+00
1.946281998580713690e+01
7.487742389894150108e+01
1.674208101759942480e+01
5.579478121852086048e+01
1.037358461349668026e+01
4.497196272723558508e+01
2.302506673133102311e+01
3.868419897038658917e+01
3.351942169595062637e+01
2.194491033996006024e+01
1.433783471544139410e+01
2.629280955408391662e+01
2.562760525498968178e+01
1.004826686231319144e+02
2.725993524651571676e+01
2.995868776214307516e+01
2.651246376995003118e+01
2.292952663832955906e+01
3.694835671429822277e+00
4.801436900629595783e+01
1.256285447011681953e+02
5.913053096751772131e+01
1.562278977180500839e+01
1.234639072462920062e+01
9.354457648444837048e+01
1.304686592793935631e+02
4.477547507186279319e+01
6.210009200000314422e+01
3.194613233744096092e+01
1.514470935432130183e+01
1.548485490488502236e+01
6.605481877397559742e+01
1.354216840620899021e+01
6.788108735913193925e+01
1.865945862829165378e+02
7.643617963075104882e+00
7.812209507621885152e+00
6.642846073028621845e+01
3.483280704527571459e+01
1.160246212746430814e+02
1.867489307887303696e+01
3.431717041559555526e+01
1.338471999193428417e+02
7.948656733652700268e+01
1.407419307141944742e+01
5.237386737536078840e+01
3.604108075167319214e+01
6.298717113866590012e+01
2.536790150836295865e+01
6.949957619143260601e+00
2.284370028343456127e+01
1.107221096548885555e+02
2.365930032098140856e+01
1.839199217561377253e+01
2.855864789363363343e+01
8.286891556308802365e+01
6.710468025058376895e+01
4.007622270114350727e+01
1.550455707886490941e+01
5.639481050969170184e+01
2.227574475520740549e+01
6.257421912678056941e+01
2.190810457549597601e+01
3.692436630449336832e+01
2.684385403988100904e+01
3.217342074272527697e+01
1.856603084070909233e+02
6.617277778381064479e+01
6.691154544435882201e+01
1.753563165099398802e+01
1.557376422916281555e+01
2.162219529438432630e+01
2.192560390101361989e+01
1.977468101379719556e+01
8.601718402314451950e+00
1.830529301865131231e+01
3.193794459378846895e+01
7.231213542033732722e+01
2.957992127157600848e+01
7.122249226013785517e+01
2.144223704172421918e+01
1.105884316200634601e+02
3.614980745543561369e+01
1.374424926955446722e+02
2.019748040559696634e+01
2.892833530368984185e+01
4.834835590964432939e+00
1.453447177470138456e+02
9.806771653439911063e+01
5.456222242654534682e+01
8.856478010710588933e+00
6.225620962802150871e+01
2.773191416618047711e+01
1.907256129811456091e+01
2.923743038887521095e+01
4.030580774209556694e+01
1.794937468179989537e+01
1.905484285804207900e+01
1.752395899782471744e+01
5.599275856727059875e+01
5.847460792822736231e+00
3.810427584969432502e+01
1.344840891751697427e+02
2.855342794015374963e+01
2.113302507089109739e+01
2.990145828880212520e+01
2.175561633117079552e+01
4.160826929169346045e+01
4.882812383916625087e+00
6.819936083301874419e+01
5.253921169406472558e+01
1.893473082080437209e+01
7.687977992414150208e+01
3.485560325352449240e+01
1.365303526522814614e+01
3.225947952879918290e+01
6.781353197332002480e+01
1.562876654758635375e+01
1.365303526522814614e+01
2.331499543150526677e+01
2.455672574120253060e+01
4.221643044285308832e+01
2.107630148716921070e+01
2.400611390742728801e+01
7.422755618732560379e+01
6.879366786414585988e+01
2.050198169520989211e+01
6.927371681344619958e+01
2.355935382047825755e+01
3.867951755647369794e+01
1.640969795382303857e+02
6.510814126856494077e+00
1.973244865715238561e+01
7.112347789173206536e+01
3.010286836719861725e+01
2.261919394169708042e+01
4.417446863793042411e+01
1.930656149374230068e+01
2.309214102326997420e+01
4.882112062758358206e+01
4.887606830244020983e+00
2.791280388620168029e+00
4.753689970651713992e+01
2.756388228738438428e+01
2.833817102509956953e+01
1.029222831148330108e+01
4.243955411175417680e+01
2.507825898754218485e+01
6.503132445316920496e+01
2.739099270107235284e+01
2.832575006238216986e+01
2.240187307869228661e+01
2.760675258811904342e+01
2.287718487598816708e+01
1.143685445085007579e+01
3.709504551692123187e+01
3.395501177599429354e+01
2.755114164715308078e+01
6.145124164156418090e+01
3.272596139296979345e+01
2.288905140903592894e+01
1.712587861005232170e+01
1.074180863341374526e+01
1.524353286263578582e+02
4.550571739397960869e+01
5.230119312990118630e+01
1.546274444642389589e+01
1.723524913267138103e+01
2.357152890541625823e+01
4.114835935101798015e+01
1.055662030372836426e+02
1.118984585677321952e+01
2.316464873641030309e+01
2.169927866144382378e+01
5.699592046706292336e+01
1.999160297252191754e+01
6.114955441924134050e+01
3.046612750837493522e+01
4.563363449595927790e+01
1.013471467768777146e+01
3.269062614347821238e+01
2.034645093465506704e+01
4.752730571926020531e+01
2.554024965130030722e+01
1.960028657789220219e+01
8.464934058040208598e+00
1.656666180970552915e+01
4.158470899262507459e+01
1.242195065485904060e+01
4.680180815087020818e+01
9.628106970424926203e+01
2.187238069987750677e+01
3.412678872087354165e+01
8.853471608363587819e+00
2.041903955057242470e+01
2.743374286043682986e+01
6.244605903823900661e+01
6.668757492879198878e+01
3.010696076468317273e+01
1.066790253072839647e+02
2.286970840566532459e+01
5.164885508127305513e+01
4.681855375251720375e+01
2.045678612762463189e+01
4.058499796195581411e+01
6.345895311397988081e+01
5.968288217875129753e+00
1.949797350144511299e+01
3.406148629316005128e+01
1.108766819014188876e+01
2.018670218631453395e+01
2.037950779812114632e+01
2.200808347335611259e+01
2.131943145253373117e+01
2.416336371658111659e+01
1.875972908992679677e+01
4.813683638316759783e+01
4.460780164386282820e+01
2.539486003785526691e+01
1.708312208677650901e+01
2.368306451671661605e+01
6.163320139490193839e+01
6.801090745501520018e+01
1.889992362835314665e+01
7.180202424389315752e+01
2.051450086804877415e+01
3.517703645467282314e+01
1.837457280546637719e+02
3.740636965938174541e+01
7.625502604687991948e+01
2.915052828353982051e+01
1.433566089371653796e+01
2.752088333592758929e+01
5.363347045086059950e+01
1.481327692963982479e+01
3.499469445223952846e+01
1.470424791218071014e+01
8.371119220600732547e+01
4.270755210008304914e+01
1.706352803716374567e+01
3.044015308101232620e+01
5.007150864306825611e+01
1.722978902332339857e+01
9.105850102773621302e+01
3.718256728683962820e+01
2.005929430376241740e+01
3.838961525360893035e+01
3.579383063332425507e+01
6.259604580795368634e+01
2.919734330740682893e+01
9.424909726609453031e+00
1.727860960438145455e+01
2.865231564997485236e+01
2.337472279562267019e+01
3.748457131680813603e+01
2.164614356238391579e+01
7.386114351956450719e+00
5.795362979139701309e+01
4.712878619570843597e+01
2.155968824611135659e+01
3.297684913469671386e+01
3.432306374767795631e+01
5.106597091835827484e+01
3.467912342466005526e+01
3.536950747025561981e+01
1.041553280126430820e+02
3.082838910542431066e+01
2.805562844961856683e+01
2.173374556980434136e+01
1.401702083906368479e+01
1.784806350644779727e+01
2.950042375475005585e+01
4.553471182841430931e+01
6.108007668865677431e+01
1.846765345499498423e+01
2.230610689237782651e+01
3.394754356278266982e+01
3.202723702370587944e+01
1.678735677306184471e+01
1.443099930693548671e+01
2.698308152393828152e+01
1.035477499923238476e+01
1.554403024882809348e+01
2.486130154888859423e+01
7.087335678133059957e+01
4.121152318914747070e+01
4.034373938364152146e+00
4.907151158327008744e+01
5.500175419915856168e+01
1.163075701396730608e+02
6.628611702760274227e+00
2.053271443915292238e+01
1.618202598435639743e+02
1.336744814732571562e+01
2.746296420840665675e+01
1.961770166660405224e+01
2.272546877066195492e+01
3.320788670045754998e+01
2.162184248716250323e+01
2.251471498804472304e+01
8.578158161669399817e+01
8.218104641149403733e+01
1.705255588514820175e+01
2.439904745277553388e+01
5.874323699967142431e+01
1.166522401457379061e+02
4.623308973178797032e+01
8.624694412642369912e+01
2.104346762506616031e+01
1.277206293643496480e+02
7.824425900241875453e+00
4.308426116103835568e+01
1.569871770392196986e+01
2.492322960225801509e+01
3.245545616192936933e+01
2.798610199651265518e+01
2.446780828071537783e+01
5.831554724410597856e+01
6.478225833775097442e+01
8.049390297251136417e+00
3.436494655928394337e+01
6.216843898781822020e+01
6.972203617974156487e+01
9.392477903930656069e+00
7.472446228318069927e+01
3.708716077361940222e+01
9.442639151613120063e+00
4.012257967574954165e+01
8.920231774996553042e+01
1.673178130426232357e+01
2.994476316087215295e+01
3.291510868816001079e+01
2.176101528508694827e+01
4.187896293921480151e+01
4.091406758778566299e+00
4.412572839477586939e+01
1.453918834320664928e+02
7.184700311643324788e+00
8.775592055213564890e+00
1.656784268422237716e+01
8.353993376218775779e+01
5.090851228540308426e+01
2.581516589776972381e+01
4.217091986990618580e+01
1.388140403685073920e+01
1.220815366194483431e+01
3.863203534366627423e+01
8.639021304549926228e+00
1.883319745466098993e+01
6.151750420426757415e+01
3.639424454048979385e+01
1.811876245494004323e+01
6.172757591303110303e+01
1.606986358189951503e+01
2.594986662745989747e+01
4.031595542128229681e+01
1.221942231842268143e+02
1.038569350313049533e+01
2.712591987996205489e+01
2.122209889877570532e+01
1.972151222373720003e+01
2.309479511223365478e+01
7.291398030148710063e+01
6.086262921926515190e+00
3.547630673160688275e+01
7.695556612035399269e+01
5.437247138483490971e+01
3.999958622104635708e+01
1.088349672416968517e+01
1.791852648906140644e+01
6.327951884926513770e+01
2.564991220984310871e+01
2.940242602407628780e+01
1.830130433440786319e+01
2.586600694834034897e+01
2.410675155908091938e+01
9.796046322880692969e+01
4.229446112702534322e+01
1.429908233623309322e+01
7.217772906282541534e+00
1.928445836903324206e+01
3.374209502497857471e+01
2.306345689514588670e+01
3.389947374809415948e+01
7.581522823153157731e+01
6.932593659360347260e+01
2.245852984482634440e+01
3.434238543689123446e+01
1.860622079012742347e+01
1.333217175065667277e+02
4.368826979650742004e+01
7.195718046759849074e+01
5.555230145962959831e+00
2.973911872376430310e+01
7.809222298353923897e+00
7.509146560909375978e+01
1.345267828363817486e+01
1.817880400824004639e+01
1.405493941564273896e+01
3.356918809036706364e+01
4.512741601008315939e+01
9.699224205386127551e+01
1.524945289335596854e+01
5.061058197212510379e+01
1.062893505491714308e+01
5.043431720663516415e+01
5.188325061922835602e+01
1.385968406690389010e+01
3.558742906989203902e+01
7.047466719598583040e+01
8.177169338982123392e+00
4.153826678632730562e+01
4.961329164492543242e+01
2.289701964914375054e+01
3.835033044474580777e+01
2.236425359958982639e+01
4.822180150685857569e+01
2.227574475520740549e+01
2.113749995682556104e+01
7.401918164565508107e+01
3.148596852575067118e+01
1.390113806974149391e+01
3.282869366205384409e+01
1.855099469772926568e+01
1.831288982573690660e+01
7.910352842151966968e+01
6.501079536825548644e+01
1.476160820116448065e+02
4.709580521867280112e+01
1.211924029136866210e+02
6.265329466495503397e+01
1.522176814304466852e+01
8.554675033912326754e+00
3.085831432517410988e+01
9.674376747096394524e+01
2.836047327335461432e+01
1.808376127003234757e+01
4.559254894891788013e+01
4.277210929734971501e+01
1.795922291982826380e+01
1.219518638471975436e+02
6.033159110890420607e+01
1.154386825363645208e+01
7.381887312097535414e+01
6.009424244503247792e+01
2.420966663657711848e+01
1.629355806916372984e+01
7.831938271286775333e+00
4.031595542128229681e+01
4.419441361548638980e+01
1.764741964275342241e+02
2.543238893867805928e+01
3.431855438832304372e+01
2.236571919539714202e+02
5.884093143179276097e+01
1.606298093964247897e+01
8.859527538107676037e+01
8.885405044884804227e+01
1.943672711422451371e+01
8.324576987824924856e+01
2.864286421312338504e+01
1.907019475459317093e+01
2.494647602883127036e+01
2.039931276566755685e+02
7.023641646102544200e+01
6.117479337646886250e+01
2.825962962955442492e+01
1.706890086045481425e+01
5.184776974128568128e+01
1.531062531268187499e+01
2.481343439969478482e+01
2.515838349139430719e+01
5.462803321486077834e+00
9.189547299820326032e+00
5.797876800410677589e+01
7.251857183272248619e+01
3.061340291862228824e+01
7.439007570143859027e+01
2.930261139476532506e+01
2.046529164146596358e+01
9.575359926977859004e+01
2.807584225284053758e+01
5.354582210086814342e+01
2.006875140138537361e+01
5.194364413285874349e+01
2.698281078957629475e+01
4.787369938553817406e+01
2.277371831051648243e+01
2.853589970656870278e+01
6.465300191467447632e+01
1.943900901684174798e+01
4.016153796343989058e+01
3.578697696512694648e+01
2.199859482963898216e+01
8.101839553845509911e+00
1.275599611010352845e+02
3.482176894455383831e+01
2.171156389429986788e+01
5.409411327970077821e+01
2.357364301683603358e+01
1.671833936054027347e+01
2.283333979129521651e+01
2.463513588994872805e+01
1.447916585674971088e+02
1.969210101634845245e+01
3.475908818130258737e+01
1.567163251168745752e+01
2.178828223508956086e+01
1.559802609263045703e+01
5.850715317891119582e+01
1.285079753409415559e+02
5.946277293518686946e+01
1.325701842453986679e+01
6.018310186641651427e+01
8.401867258506119640e+01
1.056402473685790113e+02
1.380146442292617337e+02
1.529329848062363695e+01
6.999935463614968967e+01
5.962616787828348031e+00
1.877778765011828810e+01
2.700560104296010522e+01
1.600932558179031773e+01
2.132323472140692644e+01
1.864285431472935528e+01
1.145202321395892113e+02
2.206939636835827301e+01
1.133476746539689195e+01
1.207790905967094801e+02
2.025071949616036449e+01
6.322293260062785691e+00
1.394413006034164653e+02
7.347705607721499632e+01
2.902646982530894348e+01
6.155755350402988313e+01
1.075622242021291797e+01
1.193925623653357206e+02
2.337640476610790685e+01
8.581761489842614665e+00
6.034231821308465271e+01
1.916790178183585525e+01
3.143415561989504070e+01
1.568151551641180852e+01
5.659829197873512641e+01
5.937231416943073015e+01
1.190492755900585742e+01
4.167748875541609266e+01
6.822532947806302595e+00
9.353441868565155914e+00
5.789072224415297541e+01
5.052246259664060091e+01
2.181588102721502054e+01
4.336328856504489693e+01
7.685234536248692017e+00
3.873634227275017849e+01
2.756648704721660081e+01
1.657943884545905178e+01
2.537681612436628598e+01
3.447385036853620477e+01
1.453447177470138456e+02
8.706179995926451198e+00
1.467071744483821405e+01
1.053414326549338931e+01
5.313499973538462484e+01
2.539338393724728249e+01
5.415195355251567122e+01
3.310938496818987886e+01
8.909245699320429424e+00
2.936523485080889273e+01
7.358239543186650522e+00
1.453404697259668765e+01
9.248653904981171081e+01
3.652580844977579488e+01
1.174026664275600140e+01
1.419500253780371963e+02
8.181051680720482722e+00
2.349536239185139763e+01
1.538643093018045427e+01
6.161187462378494928e+01
9.841242466917719867e+00
6.505590602991015992e+00
8.987281054695962723e+01
2.624986847299814841e+01
2.088657102285720057e+01
6.609068685988526148e+00
3.423318630956004682e+01
1.204432603321063766e+01
4.794719005166782466e+01
4.720813947976515834e+01
3.831991760396009283e+01
1.035425559013856400e+01
5.001447669260912221e+01
2.362510394386504800e+02
5.115963209448405991e+01
3.769848908698320855e+01
6.148744829362264852e+01
4.909826075863497863e+01
3.697904445311974797e+01
1.720972032468188928e+01
1.298396405705061056e+02
4.094979390222894722e+01
2.328773268173848621e+01
3.941555148440025391e+01
3.885580364022180788e+01
9.258591667122081148e+00
5.599245452338096385e+01
4.351989009387166618e+01
5.955866101475051977e+01
1.026154514731082230e+02
1.062928391079809565e+01
3.735243517509548639e+01
1.892571867637781580e+01
1.942311771424316191e+01
2.034060417479834015e+01
1.821002255602794406e+01
2.222557747778991910e+01
3.952499756614119519e+01
5.329898008316924773e+01
1.918706691323221847e+01
4.637563708705360455e+01
5.038790704090184924e+00
7.206236245833662224e+01
2.062909216659422995e+01
2.331499543150526677e+01
2.012061416715117801e+01
1.885838051305668728e+02
4.388726653159813651e+01
3.757211665074315476e+01
4.442064147811669983e+01
6.508455199306354189e+01
3.197444135547194222e+01
1.792341786003726511e+01
3.290828750385837509e+01
1.363590670701582752e+01
1.835618587628626841e+01
2.598285297525486115e+01
1.968710539243572271e+02
8.008652645310363027e+01
1.018031697803191271e+01
5.681990560280157609e+01
1.873854349474852654e+01
2.447275289951287647e+01
2.527534566873636734e+01
9.695977594251235132e+01
6.296611916683155385e+01
1.280725991628808558e+01
1.642442789915415347e+01
5.185873703968936610e+01
6.020147939391500103e+01
1.640210736621431664e+01
4.620707947625712819e+01
2.042735254824097169e+01
5.373852046108632408e+01
8.724424106729175321e+01
2.525467959988561262e+01
2.080423901568567047e+01
3.176146544319309939e+01
2.358579773441836736e+01
1.954491682280189124e+01
3.481897893586774728e+01
1.979649205225648601e+01
7.152249786053329217e+01
3.032959971971536817e+01
2.119023376270877179e+01
1.110474471214097321e+02
3.483337277523362729e+01
2.115349960286155095e+01
3.299664578272562210e+01
2.064756631656183572e+01
8.465668735425290947e+01
3.780454461384155707e+01
6.568216467628030131e+00
7.210501579725281829e+01
1.799907817374279873e+01
3.196137868349046585e+01
1.829023789807682121e+01
2.083293700157385686e+01
9.258591667122081148e+00
1.941987448633779252e+02
1.750263183949329360e+01
3.907658343138895418e+01
5.797876800410677589e+01
1.418566275386372695e+02
1.693568931124955412e+01
1.654158913843652456e+01
2.640857710950649562e+01
4.280734171658872356e+01
3.405054629737595207e+01
4.265985079695253290e+01
5.915484239371199493e+01
1.795868732889766051e+01
2.629615779448121771e+01
2.112720439880313847e+02
2.894623190895999798e+01
1.954117584014221976e+01
4.493850008011035868e+01
2.441639179257708037e+01
3.637969648445038473e+01
3.174585737159942767e+01
4.594822111453136415e+01
2.399883718253735410e+01
3.099805685378911235e+01
4.723267002588764996e+01
2.019578912101184542e+01
2.363978587073472326e+01
2.852778202173565347e+01
1.132640972367770047e+02
4.561265449153466989e+01
6.771533213553419195e+00
4.787369938553817406e+01
7.184700311643324788e+00
9.407392562020131521e+00
6.802791545871772705e+00
7.435081424673076533e+00
5.820978443263327051e+01
2.599922897669865307e+01
3.439923359492642874e+01
1.580004140183440597e+01
9.293147913795338866e+01
1.623782940902973237e+01
5.383472172653021204e+01
8.741420746504768857e+00
2.520585123151748519e+01
1.183569092721783846e+02
1.023762986861945876e+02
1.459557175257133999e+01
3.137534699662093729e+01
5.517542300534185529e+01
1.943647753433685210e+01
4.593811735806938401e+01
2.555159114257630293e+01
9.930760019661052596e+00
5.495311267801055166e+00
1.704221569389395086e+01
1.776978967604986437e+01
6.966026855804800277e+01
5.425840942382239973e+01
9.621918651469632877e+00
7.629030943594452552e+00
2.763198948279620737e+01
2.368754680889985309e+01
1.892283861121726218e+01
6.184285827102644362e+01
4.094753203374840211e+01
2.095621725426807558e+01
2.359510704535312797e+01
3.550284274319099609e+01
4.269599850402622110e+01
7.195028600603971825e+01
2.040980520302587564e+01
7.101943719501343821e+01
4.001076959774901809e+01
4.734696279728967738e+01
3.038635810741839549e+01
2.245078973887326867e+01
4.879286627105780205e+00
9.822673849132348778e+01
2.747914293494979887e+01
6.836699539286016147e+00
6.503985373107899370e+00
2.897105481699097851e+01
3.189459436535060277e+01
2.312959787986545024e+01
5.477332129531614413e+01
3.829150292622419727e+01
3.545498283152168995e+01
1.549632069738126816e+01
1.973150959450512687e+02
3.126447246661323121e+01
2.023550896284860556e+01
1.436571535619761697e+01
2.589007199783934610e+01
2.535827400473281656e+01
2.804573106762871149e+01
3.692959335361963724e+01
1.895719607896121772e+01
2.506181059994552740e+01
5.345038686582598331e+01
7.252940546550486545e+01
6.713426142878063274e+01
6.364610969229651971e+00
1.674208101759942480e+01
1.865731033065213040e+01
1.549000226372408129e+01
3.189459436535060277e+01
7.323231362694815516e+01
3.081341304065478681e+01
1.504485483455336770e+01
6.325743602860758585e+01
1.166522401457379061e+02
2.002865863209541999e+02
5.283858267118498730e+01
1.657304511316572615e+01
4.646923297085952953e+01
4.956235856799994366e+01
1.858134003956892855e+01
2.134201027050021935e+02
6.637892418482955748e+01
1.296550620785933106e+01
2.809303088788264446e+01
2.328698823745609303e+01
1.287403471438370275e+02
1.957699772224126278e+01
1.870982699111227987e+01
2.246051798782767150e+01
2.932413665065925912e+01
2.666293721447543419e+01
4.772483636418817099e+01
8.226898932438707845e+01
1.083307448540553253e+01
1.166659392227364656e+01
8.395998212239325653e+01
4.779398191275070218e+01
2.455669675899469340e+01
1.286458105002356263e+02
1.732827778798952778e+01
1.321157394932709295e+01
3.634635752705525391e+01
9.562709480357389324e+00
1.243470807696859204e+01
1.901300342144093847e+01
2.415778263319162633e+01
1.082199013114148123e+01
8.899274062492439441e+01
8.193168244736433792e+01
9.420398730942709520e+00
2.255235706590141476e+01
8.943868284977176231e+00
3.996220288228813899e+01
2.908514670365408605e+01
8.231593508057048325e+01
7.044201139937505296e+00
2.986242518511426880e+01
7.210884995859667868e+01
5.210281722272805638e+01
3.010646759545737794e+01
6.167485258475484500e+01
6.364671420083011810e+01
3.535444140229800780e+01
1.569134398218438875e+01
3.227215423261420568e+01
4.234911099556752134e+01
1.671767930077230346e+01
2.562789096183642812e+01
9.843874067613400314e+01
2.206025857774375609e+01
6.981050939313892911e+01
2.527540083457790487e+01
8.503295863444334302e+00
1.877257918776061274e+01
1.368356261314993283e+01
5.722423389400249505e+01
2.318052198013765519e+01
2.632310602792119525e+01
5.226846912387658506e+01
2.295305251796563084e+01
1.149022690270995994e+01
1.038661641887865272e+01
2.786748435721059991e+01
5.231079759860413247e+01
2.979818745367959565e+01
5.403457690178035477e+01
1.732356948503880645e+01
2.758282101090240346e+01
7.932494601853960603e+01
5.884755422163068062e+01
2.755503251614652171e+01
4.955460035173151567e+01
5.986876668703739313e+01
2.157657174567252767e+01
4.192887971946598924e+01
4.115228301647042741e+01
3.235013184287322474e+01
1.320196369420204441e+01
3.695225290004574958e+01
7.498320243743455293e+00
2.664795401193006796e+01
1.384595864415233990e+01
2.232901794255890238e+01
1.828324686424029366e+01
1.365002510752807829e+01
1.325212431188076607e+02
7.044332719610036975e+01
1.961770166660405224e+01
1.719618729453430603e+02
4.019446390145549231e+01
7.957021321086290122e+00
8.641545062345997508e+01
2.230850679648356660e+01
5.081196840091683953e+01
4.679276974514429810e+01
2.586945946167786303e+01
5.167593489369298965e+00
6.825043070328041495e+01
2.411218435063279841e+01
2.109114438115269152e+01
2.029170139881310604e+02
1.056137631062912341e+01
2.316026580769107213e+01
3.201879279863447891e+01
1.075106805613965690e+02
3.284597125328046019e+01
7.289941938531687526e+01
2.020063720917745442e+01
2.225641067815955125e+02
9.298768612967185732e+01
5.362912202766223402e+01
9.407758670410650836e+01
3.559846882546531077e+01
5.879635678824235612e+01
2.098932765962775449e+01
2.192178393767029121e+01
3.051205439982359735e+01
1.858703948708230769e+01
2.562136503912715924e+01
3.532775390705226926e+01
1.617438504142568512e+00
1.286162682079161179e+01
1.187235263087900137e+02
1.931660654723396675e+01
2.597850147554437328e+01
2.476194850226688970e+01
4.530074896057426059e+01
1.166522401457379061e+02
2.832524581844774048e+01
2.036209499977258730e+01
2.322870467626192337e+01
2.102089927564084348e+01
4.984644744504025482e+01
5.812799694935331729e+01
3.922503119330513499e+01
9.466169248143241788e+00
4.563744986233110268e+01
2.993797639845866598e+01
5.305130554591212189e+01
1.293888721915673123e+01
3.503814642733571816e+01
2.859835892113610711e+01
2.111389417530823920e+01
2.684208033956951311e+01
2.643911229055652967e+01
4.073959066903049120e+01
6.865514838643862561e+01
1.985659694402958309e+01
1.743325129283444852e+01
1.133557281639592276e+02
4.584711411297427475e+01
4.904771595325871658e+01
1.522984477273312365e+01
2.620977478652363146e+01
9.186066163674379226e+00
5.006982911856800911e+01
4.823924388867725099e+01
9.585054012204180651e+01
1.673354970983151802e+01
9.565963882603417900e+00
1.783203187661511535e+01
1.865964624129005500e+01
1.812329140921138659e+01
2.844394418860935048e+01
1.074584265134582139e+01
2.557272156459898582e+01
1.418493235143840181e+01
3.286876181843729228e+01
2.531142124395217508e+01
1.698871008101174596e+01
1.514470935432130183e+01
6.022516159641625677e+01
1.478546609672389067e+01
2.130916239756090391e+01
4.457687287154271871e+01
2.214888537867704699e+01
9.275538246061493908e+00
2.486903661206913085e+01
2.461101204130634912e+01
9.080497415014527007e+00
9.545045289154147738e+00
1.935817195138811186e+01
2.900378969780381411e+01
1.047815480864623652e+02
7.473952227366756063e+01
2.698308152393828152e+01
2.322650663922443357e+02
3.716794932810253016e+01
2.470894981789816569e+01
2.382391794138723071e+02
7.945678922422210633e+01
6.219544526846087962e+01
8.937920813421149191e+00
1.102003164766445664e+01
1.776872230736614355e+01
8.154629079263776248e+01
7.420425748714482950e+01
1.929638341618943542e+01
2.769352828754724527e+01
7.496794461361999140e+01
2.429227248018345620e+01
7.579726232156757249e+01
4.709568375806073703e+01
3.042290099012872062e+01
5.506393611503829533e+01
3.349560317218173111e+01
1.628688930327531992e+01
8.469131394868476548e+00
4.929176439606259663e+01
6.885373474006604511e+01
1.118163506784526646e+02
3.706508911639820525e+01
8.283996459323429207e+00
3.750106031488468261e+01
3.654207516203776152e+01
3.176146544319309939e+01
1.174237250314748415e+01
5.666574481010124842e+00
3.634322314908349938e+01
2.640857710950649562e+01
4.505384121433371547e+01
4.883796713407028989e+01
1.540197317856512349e+01
2.829782005342110551e+01
9.233056681863532233e+00
3.922503119330513499e+01
9.020764051358756319e+01
1.434466408350235334e+01
1.065521349449457205e+02
2.720198618261515477e+01
6.417587172431886700e+01
1.570723548747992204e+01
2.017868310632295348e+01
8.194684607333780946e+01
1.287108863499438485e+02
1.409633433807817937e+01
2.387029062195525242e+01
4.121132990375662075e+01
5.231524628029828250e+01
6.279638872607237410e+00
3.256501821650284967e+01
3.907658343138895418e+01
7.866867584057679608e+01
7.551738857423039519e+01
4.956140376844565765e+01
2.445346501785894588e+01
7.214707141419535219e+01
2.810941899411609768e+01
4.539547003614970322e+01
1.530911292426439907e+01
2.150957271380040225e+01
2.805309236556040986e+01
3.391748621548013176e+01
6.773010803980164951e+01
1.695957350763708149e+01
6.323273403701969997e+00
3.263969048080463153e+01
2.095337170188989262e+02
5.939198383934790115e+01
5.814614443806177491e+01
3.664329464926385782e+01
1.370185692372938924e+01
6.018310186641651427e+01
9.573409597589025211e+00
2.100252019196151565e+01
5.488974151379417066e+01
2.056644690374855600e+01
2.571569906096381075e+01
5.293659011416107951e+00
9.205134925220363584e+00
1.857530278617585111e+02
6.098295188740632966e+01
2.392211667772174621e+01
2.218408393422096836e+01
1.862736747385455871e+01
2.420358706078313560e+01
1.119477790027460529e+01
1.981502313072189736e+01
9.222142428664556135e+00
3.317618084622689878e+01
2.308170686718043285e+01
2.065568483294072877e+01
7.893950460033966010e+01
1.023988010419017591e+01
2.932872298124732424e+01
1.562135671447321172e+01
1.401252272832976509e+01
2.032736025600557284e+01
1.174026664275600140e+01
4.468481851752528655e+01
2.698474349442884090e+01
2.487479528756379565e+01
2.622475826660748766e+01
7.044332719610036975e+01
8.893230229049580160e+00
1.579499072259871006e+01
1.293323771135113986e+02
3.310938496818987886e+01
2.714675014815659182e+01
2.267367965008982722e+01
4.752484866058109247e+01
2.396348131667492609e+01
5.026836465543185284e+01
3.462664849499942221e+01
6.063773607402966803e+01
1.074139277071058274e+01
4.377779756399180400e+01
2.241801944887602716e+01
4.019446390145549231e+01
3.057728371644109799e+01
2.962895017430155065e+01
2.214771597828201877e+01
3.118284818051342455e+01
1.547766214452147793e+01
2.810974350002023314e+01
1.211924029136866210e+02
3.954214097767175673e+01
1.539191091077791640e+01
1.560462253068486049e+01
8.447221903392802744e+01
1.020452961309466566e+01
2.514751412277579590e+01
6.085027068774667924e+01
4.610852859873940446e+01
2.765323985350033809e+01
1.225988511380360961e+02
3.848255633960373956e+01
8.162659734347637652e+01
