2.677111809533714748e+00
1.496314199847663673e-01
3.479595089802707264e+00
5.492440256155916245e+00
-4.105065974910537818e-02
3.152740333765675196e+00
2.368011549069921173e+00
2.114092784399841385e+00
3.620993789514997729e+00
1.232545817730029469e+00
-2.338422396224790312e+00
4.830168336613491320e+00
6.095461761359164399e-01
3.361493333765674940e+00
-5.921576026533719173e-01
2.037138999069921574e+00
6.089907223490905963e+00
2.474074990699222099e-01
1.633118300304682080e+00
5.167489251745294609e+00
-6.823036264786006555e-01
2.540438609533715919e+00
-8.995151996953190121e-01
2.673013509533715748e+00
4.645134572650408522e+00
1.019990240578843910e+00
1.730073010202706207e+00
1.993589740578842751e+00
4.522296329810531645e+00
4.380846037752093025e-01
-6.238358177161904550e-01
3.605566594514998613e+00
2.241293999069920773e+00
1.507351744161477214e+00
4.370162775268933153e+00
-2.217816080015234448e+00
-2.944021396224790088e+00
1.412454010202706556e+00
-1.545198317716189429e+00
4.658913072650407550e+00
8.250866037752091486e-01
-5.088338177161899623e-01
-3.038444907852211330e-01
9.909641037752088266e-01
-3.788706182269970135e+00
1.481744090490604293e-01
-1.078354590950938885e+00
1.326723212299490307e+00
2.551547500304680582e+00
3.184642403971814417e+00
4.017193764154921354e+00
1.700766999069921681e+00
4.823390836613489441e+00
3.708124831827482204e+00
3.708276596827480454e+00
-2.660836626478599864e+00
-2.388965694659956895e-01
3.535331992802751344e+00
-2.934333177161896344e-01
1.014233300304681507e+00
2.442533003046811757e-01
-1.576079159749105507e+00
7.891666822838097062e-01
6.090343223490906510e+00
4.918813003046818011e-01
9.042386039718159907e-01
7.209084199847657359e-01
5.683874406040162697e+00
-3.584833177161899087e-01
6.462451940637329528e+00
-4.083246996953180386e-01
6.071921761359169167e-01
6.810301822838100705e-01
4.659141572650407959e+00
-2.565094907852216721e-01
4.070042122994896872e-01
2.888253841431167146e+00
1.410688103775209257e+00
3.377656939697427418e+00
3.528094042802750963e+00
4.938214277123521789e+00
2.396413050304682102e+00
1.511916244161477962e+00
2.677111809533714748e+00
2.677111809533714748e+00
3.498569990699218479e-01
1.660440817730028940e+00
2.953241056530892195e+00
3.750642301827482150e+00
2.782712718933018081e+00
1.456401740578843196e+00
2.728022209533714104e+00
2.038304284399841571e+00
5.841217613591709323e-02
7.716972095337153448e-01
3.901528995173042524e+00
-7.769721560015874218e-02
6.045475715895580748e-01
-1.069162156001590702e-01
-1.174233217392428585e+00
-9.913111822699693931e-01
8.057903006386109013e-01
2.606384109533715687e+00
2.985068856530892489e+00
-1.174233217392428585e+00
3.620373494514998569e+00
-8.119326822699708401e-01
2.561676500304681525e+00
5.146052771580489349e-01
4.938214277123521789e+00
2.555501300304682033e+00
2.933433391431165660e+00
2.670501009533715830e+00
2.486920999069921479e+00
3.130215303971816354e+00
2.194286499069921348e+00
2.890528445173040417e+00
3.703432826075720996e-01
3.805294250674925216e+00
-9.210131264786003413e-01
8.168337122994904220e-01
5.253853957407957687e+00
2.252962306530892356e+00
-1.196094090950939659e+00
2.858749491431167300e+00
4.336998629462940791e+00
1.249814090490612983e-01
-1.757626478600116116e-03
2.069744839802707403e+00
1.272196873521400207e+00
2.674918159533715922e+00
1.710282749526610857e+00
2.438873398027077144e-01
4.132372589697427046e+00
3.735512248554568870e-01
4.592653056357043795e+00
2.438873398027077144e-01
-3.068649080015233732e+00
1.582594212299490266e+00
2.930488691431166970e+00
4.592653056357043795e+00
8.959990914311664056e-01
-3.071107080015234025e+00
3.282146648765675856e+00
2.669216259533715885e+00
2.440921450932926007e+00
4.665966072650408414e+00
-5.167241597491054605e-01
5.253853957407957687e+00
-1.715397080015234721e+00
-1.715397080015234721e+00
3.629161857962940552e+00
4.995935470066521944e+00
1.716605800304681573e+00
4.995935470066521944e+00
-4.779328177161898950e-01
7.065999199847663448e-01
5.086109990699219097e-01
4.665965572650407900e+00
1.122197103775208760e+00
3.283145003765675973e+00
1.523898209533715686e+00
3.295496576026610391e+00
-1.829208817716190261e+00
-1.348755580015234656e+00
2.174661499069921788e+00
1.673912873521399725e+00
1.258191317730029013e+00
-2.418066817716190364e+00
5.354197715472846397e+00
3.717477106827479894e+00
-2.098137817716190234e+00
4.132247039697427127e+00
3.476793276311658687e+00
1.924864709533715690e+00
8.959990914311664056e-01
1.484851800638610442e+00
1.802845373521400063e+00
2.997046118933019088e+00
-6.212845909509390196e-01
9.794349990699213748e-01
2.034475249526610519e+00
6.857057158955814913e-02
2.676064409533715605e+00
-1.905365323864083749e+00
1.878251817730030027e+00
-6.370803177161894482e-01
1.730189199847655956e-01
3.314720058765675326e+00
2.993591418933016612e+00
1.008424806530892504e+00
2.540438609533715919e+00
1.481744090490604293e-01
-1.310426580015234599e+00
5.253828457407956343e+00
1.384495800638610774e+00
2.049438091431166065e+00
-3.134889622479075655e-02
1.481638817730029700e+00
2.567977550304680889e+00
-2.799008699361389407e+00
8.035311037752093100e-01
-1.374088290466284334e+00
3.883920445173042246e+00
5.392334937170977227e-01
3.361972273765673869e+00
2.474053083765674899e+00
5.362443877829559113e+00
-3.228298177161894600e-01
4.665965572650407900e+00
6.487932843998409638e-01
2.415632209533715269e+00
3.735512248554568870e-01
1.238751209533715425e+00
4.987662470066521081e+00
2.596176300304682272e+00
1.134754999069921055e+00
3.864721822838097509e-01
-2.527361823864082702e+00
4.132247039697427127e+00
-1.174233217392428585e+00
4.665965572650407900e+00
5.492390256155918138e+00
2.417631900304682446e+00
1.010519603775208886e+00
1.411953510202706319e+00
2.025691284399841585e+00
-6.446742841044184047e-02
8.061881822838108391e-01
-2.098137817716190234e+00
3.335451918765675039e+00
3.864721822838097509e-01
-5.292192156001584991e-01
1.583397712299490223e+00
4.558852495266103588e-01
-8.253510265337293816e-02
-2.457335787700509755e+00
-1.006741264785997458e-01
-6.211481822699704836e-01
-1.025108126478600390e+00
5.362468377829559429e+00
2.594922800304681587e+00
1.118168603775209213e+00
-2.772865974910576625e-02
2.790867700674925622e+00
6.781200914311664718e-01
2.972283256530893425e+00
-5.921576026533719173e-01
1.156769090490605834e-01
3.528094042802750963e+00
