5.861138000000001153e-02
1.262044999999999972e-01
2.774233000000000393e-01
3.552397999999999667e-02
1.363433000000000006e-01
1.791265000000000218e-02
1.358138999999999874e-01
4.797844999999999888e-02
2.888535999999999188e-02
4.822603000000000306e-02
6.386147000000000351e-02
3.679964000000000846e-02
3.692990999999999635e-02
1.281093000000000093e-01
6.589755000000000473e-01
6.042480999999999547e-01
3.454744999999999344e-02
1.454845000000000166e-01
6.512165999999999788e-02
5.020681999999999923e-02
1.041277000000000036e-01
2.301350999999999813e-01
1.222511000000000153e-01
6.409863000000000366e-02
2.022748000000000046e-01
1.032101000000000199e-02
1.074537000000000131e-01
8.532001000000000168e-02
1.358115999999999768e-01
1.430626799999999976e-01
1.430411000000000044e-01
4.791030000000000288e-02
8.542156999999998834e-02
3.558392000000000222e-01
4.279581000000000357e-02
1.924156999999999951e-01
1.075968000000000063e-01
1.593099000000000043e-01
1.235344000000000025e-01
1.145587999999999884e-01
5.096034999999999870e-01
1.643885999999999958e-01
1.997340000000000226e-01
1.321302000000000032e-01
3.276790000000000258e-02
3.300945000000000268e-02
4.545588999999999880e-02
1.129159999999999886e-01
3.601889000000000479e-02
9.317716000000000887e-02
8.496580000000000105e-03
1.869921000000000083e-02
1.078561000000000103e-01
1.518477000000000021e-01
3.464845999999999898e-02
2.103241999999999889e-01
1.400269000000000097e-01
1.247370000000000145e-01
6.368180000000001062e-01
1.542395999999999767e-01
6.145870999999999418e-01
6.775053000000000325e-02
2.543896000000000004e-02
1.014008999999999883e-01
5.681785999999999781e-01
2.630122000000000362e-02
2.157494000000000078e-02
9.820125999999999855e-02
1.405109999999999970e-01
8.667898000000000269e-02
4.083112999999999881e-01
1.704997000000000040e-01
1.276323999999999861e-02
1.911552999999999725e-01
1.149229999999999974e-01
8.598443999999999532e-02
5.481713000000000557e-02
9.031851999999998548e-02
3.340412999999999855e-01
8.238434999999999508e-02
8.906308000000000280e-02
2.361731999999999998e-01
1.264386000000000121e-01
1.157456999999999930e-01
5.756780000000000230e-02
1.407673999999999870e-01
1.725179000000000018e-01
2.862550000000000511e-02
5.745494999999999075e-02
7.032418999999999476e-02
5.011343000000000047e-02
1.362679000000000251e-01
5.268793000000000781e-02
4.491470000000000184e-02
9.110096999999998946e-02
1.143666000000000127e-01
2.115404000000000173e-01
5.858727000000000379e-02
1.565988999999999853e-01
2.141952999999999913e-02
9.753734000000000015e-02
1.100808000000000064e-01
1.362628000000000172e-01
2.533494000000000024e-02
1.444239999999999968e-01
3.603901999999999800e-02
7.051366000000000578e-02
9.010935000000000472e-02
2.046321999999999863e-01
8.946392999999999707e-02
3.921432999999999863e-02
8.881055000000000199e-02
5.575346999999999248e-02
7.768930999999999754e-02
2.855366999999999766e-01
2.189147000000000176e-01
1.508429000000000020e-01
1.379387000000000252e-01
1.120635000000000103e-01
2.534809999999999564e-01
1.295244999999999869e-01
2.832810999999999663e-02
9.499704000000000481e-02
2.089614999999999528e-02
1.419644000000000184e-01
5.307691999999999272e-02
7.673557000000000294e-02
5.153442999999999913e-02
7.884761999999999327e-02
4.083112999999999881e-01
8.347606999999999944e-02
9.816289000000000264e-02
8.045026999999999040e-02
1.087364999999999859e-01
2.726819999999999800e-01
2.305972999999999773e-01
3.394598000000000337e-01
7.288521000000000583e-02
5.808171999999998947e-02
7.724791999999999770e-02
1.980420999999999987e-01
6.232984999999999914e-02
4.879689999999999722e-02
1.594913000000000025e-01
2.902489000000000319e-01
1.484262000000000081e-01
1.701845000000000163e-01
4.671199000000000184e-02
1.569735000000000158e-01
1.129148000000000096e-01
4.594079999999999830e-01
4.520077000000000123e-02
1.090691000000000022e-01
2.898506000000000138e-01
1.083814999999999917e-01
3.207991000000000315e-02
1.437577999999999946e-02
5.938058000000000225e-02
8.207116999999999885e-02
8.238042999999999061e-02
1.464437999999999851e-01
1.475770999999999888e-01
8.935443000000001246e-02
8.037680999999999298e-02
1.174723999999999907e-01
5.647970999999999547e-02
6.653159000000000156e-02
4.380779999999999397e-02
1.347780000000000089e-01
5.157334999999999697e-02
3.676669999999999661e-01
7.442962999999999663e-02
1.903615999999999919e-01
1.432054999999999856e-01
1.200048999999999977e-01
1.839740999999999946e-02
3.536140000000000116e-02
1.699714999999999976e-01
2.815490999999999827e-02
1.701683000000000223e-01
1.357550000000000145e-01
3.043689999999999937e-02
1.331645999999999941e-01
2.543799000000000476e-01
1.493855999999999795e-01
3.578138000000000152e-02
4.800770999999999511e-02
4.985681999999999614e-01
1.623707999999999818e-01
5.953711999999999893e-02
4.246288999999999758e-01
8.708898000000001027e-02
6.010965000000000058e-02
1.028320000000000067e-01
4.948390999999999901e-02
3.733857999999999899e-01
2.013358999999999843e-01
5.084480999999999723e-02
8.104732000000000602e-02
8.324010000000001130e-02
3.557679999999999870e-02
6.439904999999999935e-02
1.527390000000000136e-01
1.272833000000000159e-01
2.422852000000000339e-02
2.141447000000000211e-01
6.036394000000000482e-02
1.362628000000000172e-01
5.340824000000000960e-02
2.130218000000000111e-01
1.027563999999999977e-01
1.267109000000000152e-01
1.938418000000000085e-01
3.397499000000000352e-02
5.010499999999999954e-01
5.309876000000000179e-02
4.362258000000000108e-02
1.034780999999999895e-01
2.169237999999999722e-02
1.733636999999999817e-01
1.693150999999999962e-01
3.679964000000000846e-02
6.514894000000000240e-02
3.391084000000000459e-02
2.283310000000000201e-02
7.313909999999999856e-02
5.222784999999999789e-01
3.909815999999999986e-02
3.429869000000000667e-02
4.812802000000000052e-02
8.011595999999999995e-02
2.762794000000000014e-02
1.569973000000000063e-01
1.340551999999999855e-01
8.915565000000000295e-02
9.317716000000000887e-02
3.369037999999999894e-02
2.623624000000000442e-02
2.976113999999999704e-01
1.070259999999999961e-01
1.038983999999999880e-01
5.736750000000000183e-02
1.071621999999999852e-01
4.467859000000000413e-02
5.154392000000000001e-02
4.614257000000000775e-02
6.080124999999999558e-01
6.101348000000000882e-02
6.300759999999999694e-02
2.141952999999999913e-02
